{
  "analyzed": {
    "N11_chain_0_1_far_edge": {
      "n90": 1,
      "n95": 1,
      "n99": 3,
      "n_active": 7,
      "active_features": [
        "Phi+",
        "Phi-",
        "Psi+",
        "Psi-",
        "Pur",
        "SvN",
        "Psi"
      ],
      "var_exp": [
        0.9752043445542989,
        0.013443780382880629,
        0.007387832578688488,
        0.003630423297739131,
        0.0003114711040104488,
        2.2148082382415375e-05,
        4.418778360768609e-30
      ],
      "cum_var": [
        0.9752043445542989,
        0.9886481249371796,
        0.996035957515868,
        0.9996663808136071,
        0.9999778519176176,
        1.0,
        1.0
      ],
      "Vt": [
        [
          -0.3761355345567689,
          0.37903058593860306,
          -0.3755746262619256,
          0.3766424154028181,
          -0.3803091456834052,
          0.3802583740878608,
          -0.3777705497257487
        ],
        [
          0.49920448988950683,
          -0.33606901063340544,
          -0.5672972013800018,
          0.4840035919055981,
          0.16067598185574095,
          -0.19008806562580127,
          -0.1407716656727213
        ],
        [
          0.3929269943998383,
          0.09982641018783275,
          -0.27982328767821896,
          -0.1873164414495161,
          -0.4199085336702004,
          0.39726628427916455,
          0.6229854461081172
        ],
        [
          0.3134483189045016,
          0.5538821255391992,
          -0.3192586859042249,
          -0.5481003846095572,
          0.19166690467341174,
          -0.17459708935446275,
          -0.354124633838917
        ],
        [
          -0.35651946595636463,
          0.39799887428466874,
          -0.2732031486879857,
          0.2257021121436409,
          0.200873403905048,
          -0.4908516775838646,
          0.5546385028105243
        ],
        [
          -0.061560749184061465,
          0.07108566002528438,
          -0.06997416014909365,
          0.06130415539711451,
          0.7590379958682615,
          0.6245238847472359,
          0.12780359443167563
        ],
        [
          0.4751627194128215,
          0.5130169966570489,
          0.5266441502767232,
          0.48340447887923155,
          4.3576253716537394e-15,
          6.661338147750939e-15,
          -1.304512053934559e-15
        ]
      ],
      "top_loading_name": "Pur",
      "top_loading_val": -0.3803091456834052,
      "best_proxy_name": "Pur",
      "best_proxy_corr": 0.9936503798138783,
      "pc1_pct": 97.52043445542989,
      "pc2_pct": 1.3443780382880628,
      "pc3_pct": 0.7387832578688488,
      "three_pc_pct": 99.60359575158681,
      "N": 11,
      "topo": "chain",
      "pair": "0_1_far_edge",
      "pclass": "far_edge",
      "gate1_conc_std": 2.497175173073186e-22,
      "gate3_pur_range": 0.743695837274876
    },
    "N11_chain_4_5_adjacent": {
      "n90": 3,
      "n95": 4,
      "n99": 6,
      "n_active": 9,
      "active_features": [
        "Phi+",
        "Phi-",
        "Psi+",
        "Psi-",
        "Pur",
        "SvN",
        "C",
        "Psi",
        "ph03"
      ],
      "var_exp": [
        0.6568876250081034,
        0.1556538640468533,
        0.10305456194649631,
        0.06021664883711978,
        0.014108051570496449,
        0.007529859957511188,
        0.0025379244400578834,
        1.1464193361703508e-05,
        5.652611268641537e-30
      ],
      "cum_var": [
        0.6568876250081034,
        0.8125414890549567,
        0.915596051001453,
        0.9758126998385728,
        0.9899207514090692,
        0.9974506113665804,
        0.9999885358066383,
        1.0,
        1.0
      ],
      "Vt": [
        [
          0.3482859723417066,
          -0.35053828462775205,
          0.32641468379762606,
          -0.3990710900726848,
          0.4048908948260842,
          -0.3876110850807583,
          0.10082539140694201,
          0.40701585759605147,
          -0.0029755456907317873
        ],
        [
          0.010217036170015828,
          -0.3355700298510922,
          0.23541323488958119,
          0.03238627363735003,
          -0.08463318965500133,
          0.18000613071277036,
          -0.7491845979040356,
          -0.010081812751373112,
          0.47945376918531024
        ],
        [
          -0.17802379755149267,
          -0.24362029961495824,
          0.3402940972996915,
          0.06043653231959788,
          -0.07690019971490951,
          0.14694425025660746,
          -0.27090263173668155,
          0.006350113972950933,
          -0.8298007090838353
        ],
        [
          0.6716892148655424,
          0.010142111123561198,
          -0.5711216533473786,
          -0.1816249152161367,
          -0.055131378142339114,
          0.12156618742825949,
          -0.31627853947845813,
          -0.039065546122561384,
          -0.26492856632601874
        ],
        [
          -0.2548099778648259,
          0.6521455747757453,
          -0.014972467523872074,
          -0.23047066562366136,
          0.2049917728273459,
          -0.39774604233244,
          -0.4874599471805412,
          0.10312756736643564,
          -0.08922491585863841
        ],
        [
          -0.07631804383356862,
          -0.31315361494238614,
          -0.3342529421229939,
          0.6419406042046696,
          0.28777771383885503,
          -0.5160109923369315,
          -0.13080027441528722,
          -0.052629016640410864,
          -0.057755683831866175
        ],
        [
          0.08559585973264479,
          -0.04769437038574314,
          0.17306942444113366,
          -0.21570244151201357,
          0.33961040784414626,
          -0.0870773357968401,
          0.015286023195332165,
          -0.889216547996623,
          -0.00778483254839265
        ],
        [
          0.09414491124012286,
          -0.08928702028124211,
          0.10122147377254402,
          -0.12439597016840842,
          -0.7614293193057408,
          -0.5907053141845567,
          0.013294882362064048,
          -0.16899358005908882,
          -0.0012079104161602117
        ],
        [
          -0.5556897836299606,
          -0.41407244663848264,
          -0.4938684348388364,
          -0.5252112359555408,
          -4.8433479449272454e-14,
          -3.674838211509268e-14,
          1.4432899320127035e-15,
          -9.936496070395151e-15,
          4.180683577104105e-16
        ]
      ],
      "top_loading_name": "Psi",
      "top_loading_val": 0.40701585759605147,
      "best_proxy_name": "Psi",
      "best_proxy_corr": 0.9896420143045319,
      "pc1_pct": 65.68876250081034,
      "pc2_pct": 15.56538640468533,
      "pc3_pct": 10.305456194649631,
      "three_pc_pct": 91.5596051001453,
      "N": 11,
      "topo": "chain",
      "pair": "4_5_adjacent",
      "pclass": "adjacent",
      "gate1_conc_std": 0.0245004171596936,
      "gate3_pur_range": 0.34524748938607003
    },
    "N11_chain_5_6_center_bell": {
      "n90": 2,
      "n95": 2,
      "n99": 4,
      "n_active": 8,
      "active_features": [
        "Phi+",
        "Phi-",
        "Psi+",
        "Psi-",
        "Pur",
        "SvN",
        "C",
        "Psi"
      ],
      "var_exp": [
        0.7442646070472799,
        0.2273057354241773,
        0.018386587847027364,
        0.006891265738468447,
        0.0029213880941754075,
        0.00017814939199012754,
        5.226645688132206e-05,
        3.201315295187808e-30
      ],
      "cum_var": [
        0.7442646070472799,
        0.9715703424714572,
        0.9899569303184846,
        0.9968481960569531,
        0.9997695841511285,
        0.9999477335431186,
        0.9999999999999999,
        0.9999999999999999
      ],
      "Vt": [
        [
          -0.3470436707379376,
          0.40528590530523945,
          -0.1317588129402015,
          0.3983387174731399,
          -0.40861633138955045,
          0.40821987902642953,
          -0.2736516886864303,
          -0.36162671956667
        ],
        [
          0.3795206265220352,
          0.004893033484611203,
          -0.6889736087881092,
          0.1468217687168493,
          -0.006764305562581049,
          0.0025955768015541933,
          0.5075314371248415,
          -0.31946554489225
        ],
        [
          -0.3754637573129459,
          0.08343825491200724,
          0.4730278633782144,
          0.021062177183240383,
          0.013451218750780786,
          -0.002377841502130884,
          0.7428748972948566,
          -0.2753476843463416
        ],
        [
          -0.037908406296678396,
          -0.4523541113880831,
          -0.008003641311417706,
          0.46145033350602516,
          -0.290211579930048,
          0.3390398636772814,
          0.24089415453720764,
          0.5689793125389351
        ],
        [
          0.01445153369735646,
          0.6381598131011584,
          -0.14258879002429373,
          -0.40586715533215223,
          -0.17425745265483658,
          0.18744585625767382,
          0.2394365094129278,
          0.5335279228163329
        ],
        [
          -0.3214306805795416,
          0.30013360539076034,
          -0.19415554378040173,
          0.5170320930596518,
          0.3057258658286902,
          -0.5709338424033585,
          0.011587472289643519,
          0.2863835699036864
        ],
        [
          0.05617783727477852,
          -0.06665430860208668,
          0.04133745122606687,
          -0.08679070144154895,
          -0.7904108277586854,
          -0.5977413392317452,
          0.01301442792088375,
          -0.030764954322806
        ],
        [
          0.6974469339502802,
          0.34980320712421026,
          0.4737075476541982,
          0.4084196982326095,
          1.1796119636642288e-14,
          1.2045919817182948e-14,
          -1.27675647831893e-15,
          1.1657341758564144e-15
        ]
      ],
      "top_loading_name": "Pur",
      "top_loading_val": -0.40861633138955045,
      "best_proxy_name": "Pur",
      "best_proxy_corr": 0.997067124638315,
      "pc1_pct": 74.42646070472799,
      "pc2_pct": 22.73057354241773,
      "pc3_pct": 1.8386587847027365,
      "three_pc_pct": 98.99569303184846,
      "N": 11,
      "topo": "chain",
      "pair": "5_6_center_bell",
      "pclass": "center_bell",
      "gate1_conc_std": 0.11878777322265707,
      "gate3_pur_range": 0.743730101105549
    },
    "N11_star_0_5_center_leaf": {
      "n90": 3,
      "n95": 3,
      "n99": 5,
      "n_active": 8,
      "active_features": [
        "Phi+",
        "Phi-",
        "Psi+",
        "Psi-",
        "Pur",
        "SvN",
        "Psi",
        "ph03"
      ],
      "var_exp": [
        0.6375728911563633,
        0.18882081318538968,
        0.1277571652239886,
        0.028807260488469714,
        0.01445830850110619,
        0.0024177189091570996,
        0.00016584253552548735,
        1.9390749348392249e-28
      ],
      "cum_var": [
        0.6375728911563633,
        0.826393704341753,
        0.9541508695657416,
        0.9829581300542113,
        0.9974164385553175,
        0.9998341574644746,
        1.0,
        1.0
      ],
      "Vt": [
        [
          0.3728893592021053,
          -0.30006448778781647,
          0.2825213048733838,
          -0.381323442551891,
          0.4286735195412987,
          -0.40974464054124365,
          0.43849340281990123,
          0.04196251053884166
        ],
        [
          0.3131283010073509,
          0.5875558636194793,
          -0.6051667798278783,
          -0.28226075497657993,
          0.1201009042377311,
          -0.2014247525185791,
          -0.04754275510016773,
          0.2314613085140148
        ],
        [
          -0.2763128042386609,
          -0.052632794835338184,
          0.14604604405186736,
          0.10939660997733923,
          0.045837518036934144,
          -0.06955534964504598,
          0.0003813969776305069,
          0.9384267620204404
        ],
        [
          0.16066580780729003,
          0.02659459948048991,
          0.2202621774320416,
          -0.6729106571021205,
          -0.3894706887350826,
          0.5444268296485862,
          0.029382083044533845,
          0.15232776897980413
        ],
        [
          0.7075484458124943,
          -0.3666124188971572,
          -0.23018246261336756,
          0.4239455486960986,
          -0.14782602902679004,
          0.26240054605133983,
          0.034906491461524004,
          0.20082751856427392
        ],
        [
          0.2007085336349518,
          -0.19348629400184997,
          0.17000173395091286,
          -0.17807093795141213,
          0.15973701241478563,
          -0.18208087897718403,
          -0.8958419630047827,
          0.021612676043389723
        ],
        [
          0.06410298878640713,
          -0.061348190703926817,
          0.039379025754068604,
          -0.027591883767943234,
          -0.7750211887482553,
          -0.62313031226057,
          0.02912874914587254,
          0.004180133165775937
        ],
        [
          0.3401823239096532,
          0.6210126523046507,
          0.632988739066251,
          0.31296090553340467,
          9.342526752220692e-14,
          6.583622536027178e-14,
          -4.313216450668733e-14,
          2.3626933742804113e-15
        ]
      ],
      "top_loading_name": "Psi",
      "top_loading_val": 0.43849340281990123,
      "best_proxy_name": "Psi",
      "best_proxy_corr": 0.990314136216746,
      "pc1_pct": 63.757289115636326,
      "pc2_pct": 18.88208131853897,
      "pc3_pct": 12.775716522398861,
      "three_pc_pct": 95.41508695657416,
      "N": 11,
      "topo": "star",
      "pair": "0_5_center_leaf",
      "pclass": "center_leaf",
      "gate1_conc_std": 0.0,
      "gate3_pur_range": 0.25331254607592396
    },
    "N11_star_1_10_far_leaf": {
      "n90": 1,
      "n95": 1,
      "n99": 2,
      "n_active": 7,
      "active_features": [
        "Phi+",
        "Phi-",
        "Psi+",
        "Psi-",
        "Pur",
        "SvN",
        "Psi"
      ],
      "var_exp": [
        0.9853539291239329,
        0.00981849182644898,
        0.004263283442238389,
        0.00041282109770220506,
        0.00014132083471977985,
        1.0153674957748693e-05,
        4.735875800335933e-29
      ],
      "cum_var": [
        0.9853539291239329,
        0.9951724209503819,
        0.9994357043926203,
        0.9998485254903225,
        0.9999898463250423,
        1.0,
        1.0
      ],
      "Vt": [
        [
          -0.37762858465082916,
          0.3777635714017855,
          -0.3779992207308116,
          0.3776291639161144,
          -0.3791484657711936,
          0.3791083887407439,
          -0.3764670109757859
        ],
        [
          -0.40184810097315316,
          -0.45320894296690506,
          0.32617747340506953,
          0.47220936308229167,
          0.25562437477546385,
          -0.2529159974349263,
          -0.41765537022974164
        ],
        [
          0.4010278538905857,
          0.16056677214780027,
          -0.46540273363053214,
          -0.07988853446584378,
          0.358012514311315,
          -0.3598023114844511,
          -0.5768729720857209
        ],
        [
          0.34264505256510575,
          -0.4660915363774724,
          -0.47546600311791376,
          0.541039995642273,
          -0.1742286211879858,
          -0.04610124352633637,
          0.33775718137248784
        ],
        [
          0.4005267458808759,
          -0.42499933065975803,
          0.18464082731669967,
          -0.17434296587129433,
          -0.12473437811096152,
          0.6259712278780704,
          -0.4325130595692249
        ],
        [
          -0.09469361728884909,
          0.0857886016326568,
          -0.15264722828721525,
          0.15736219211147598,
          0.7853759494641399,
          0.5185434617199277,
          0.22339806439533633
        ],
        [
          0.4982943194882702,
          0.46998852571587724,
          0.5006633689040219,
          0.5292917417632865,
          1.354472090042691e-14,
          5.845324224651449e-14,
          -1.657007864253046e-14
        ]
      ],
      "top_loading_name": "Pur",
      "top_loading_val": -0.3791484657711936,
      "best_proxy_name": "Pur",
      "best_proxy_corr": 0.995759478326622,
      "pc1_pct": 98.53539291239329,
      "pc2_pct": 0.9818491826448981,
      "pc3_pct": 0.42632834422383886,
      "three_pc_pct": 99.94357043926203,
      "N": 11,
      "topo": "star",
      "pair": "1_10_far_leaf",
      "pclass": "far_leaf",
      "gate1_conc_std": 2.497175173073186e-22,
      "gate3_pur_range": 0.743728524111381
    },
    "N11_star_5_6_center_bell": {
      "n90": 3,
      "n95": 3,
      "n99": 5,
      "n_active": 9,
      "active_features": [
        "Phi+",
        "Phi-",
        "Psi+",
        "Psi-",
        "Pur",
        "SvN",
        "C",
        "Psi",
        "ph03"
      ],
      "var_exp": [
        0.652652285643938,
        0.19075511327014616,
        0.10968232086876972,
        0.0349780704589854,
        0.007068412568349792,
        0.0036279825056095014,
        0.001225039020450913,
        1.0775663750468475e-05,
        1.844332960499906e-29
      ],
      "cum_var": [
        0.652652285643938,
        0.8434073989140841,
        0.9530897197828538,
        0.9880677902418392,
        0.995136202810189,
        0.9987641853157985,
        0.9999892243362494,
        0.9999999999999999,
        0.9999999999999999
      ],
      "Vt": [
        [
          -0.2580193403028378,
          0.39872590208450276,
          -0.07587864261542199,
          0.3829413458219064,
          -0.4104174181272235,
          0.40977022527030926,
          -0.38823168885563475,
          -0.36690767497013693,
          -0.018516249284072455
        ],
        [
          -0.5786217964463855,
          0.12101370360339098,
          0.7431234940165531,
          -0.17028973392169644,
          0.015250208132421741,
          -0.01589955636665903,
          -0.03513357381122066,
          0.21661395098997394,
          -0.14380557313915787
        ],
        [
          0.11086983703763287,
          -0.012767483097827092,
          -0.11113014406125374,
          -0.024123646352833473,
          -0.005353979268305715,
          0.0061635538599681475,
          -0.03509597435234133,
          0.005758293622243419,
          -0.9865502883922309
        ],
        [
          -0.25395954065521026,
          -0.22212607976966847,
          0.10870387911512443,
          0.4384110706816988,
          0.1488613292296361,
          -0.16546990298639008,
          0.5561670069334725,
          -0.5638019389159297,
          -0.0735486648714111
        ],
        [
          -0.15059534570105151,
          -0.3657242521670303,
          -0.09187830306642294,
          0.6499874969615664,
          -0.08328502512663459,
          0.09493443545795632,
          -0.02236159730466014,
          0.629319550906012,
          -0.012221449042314723
        ],
        [
          -0.053498994764198574,
          0.6874894237728277,
          -0.20992914806391252,
          0.041122933865411854,
          -0.034276473039054345,
          0.051014880439686314,
          0.6087993618381392,
          0.32278113209175935,
          -0.011536464967685211
        ],
        [
          0.13151233979533333,
          -0.35406714609615964,
          0.14228546547094967,
          -0.2750804462747597,
          -0.4905689238777358,
          0.5960577009451065,
          0.40667556573713226,
          -0.00975662562968612,
          0.0019223652231519263
        ],
        [
          -0.011399503909562514,
          0.01897896776050004,
          -0.005742077374367435,
          0.019996602139541877,
          0.7485769649987773,
          0.6614510113990231,
          -0.03109020691982929,
          -0.01501405618278269,
          -0.0002805115184742374
        ],
        [
          0.6920034124604175,
          0.21154350149327333,
          0.5874125186473786,
          0.3623908898626534,
          1.1435297153639112e-13,
          1.0677569939332443e-13,
          1.5543122344752192e-15,
          -5.967448757360216e-16,
          -3.677613769070831e-16
        ]
      ],
      "top_loading_name": "Pur",
      "top_loading_val": -0.4104174181272235,
      "best_proxy_name": "Pur",
      "best_proxy_corr": 0.9946904995862926,
      "pc1_pct": 65.2652285643938,
      "pc2_pct": 19.075511327014617,
      "pc3_pct": 10.968232086876972,
      "three_pc_pct": 95.30897197828538,
      "N": 11,
      "topo": "star",
      "pair": "5_6_center_bell",
      "pclass": "center_bell",
      "gate1_conc_std": 0.16749698054349668,
      "gate3_pur_range": 0.74610501221652
    },
    "N5_chain_0_1_far_edge": {
      "n90": 4,
      "n95": 5,
      "n99": 5,
      "n_active": 9,
      "active_features": [
        "Phi+",
        "Phi-",
        "Psi+",
        "Psi-",
        "Pur",
        "SvN",
        "C",
        "Psi",
        "ph03"
      ],
      "var_exp": [
        0.662323494274185,
        0.11748423081205081,
        0.10401417433226381,
        0.06597088615262714,
        0.043132681123069935,
        0.005672131475952642,
        0.0013666530522752963,
        3.574877757534281e-05,
        3.956468585304181e-30
      ],
      "cum_var": [
        0.662323494274185,
        0.7798077250862359,
        0.8838218994184996,
        0.9497927855711268,
        0.9929254666941967,
        0.9985975981701494,
        0.9999642512224247,
        1.0,
        1.0
      ],
      "Vt": [
        [
          -0.31673743602210713,
          0.37803174996039846,
          -0.34995370233201745,
          0.3433108966692102,
          -0.4065413267424038,
          0.40642659678430515,
          -0.16044927876226212,
          -0.4002602964098182,
          -0.005359312993675966
        ],
        [
          -0.31170125676345806,
          0.02698757409424598,
          0.24628227400452696,
          0.03916099333188423,
          -0.006432868479855188,
          -0.01072959810038555,
          0.2373144824463236,
          0.002767615421866286,
          -0.8851232265299803
        ],
        [
          -0.2835950464507262,
          -0.024746904201001275,
          0.14236944948477684,
          0.21712550182711457,
          -0.037306084791443234,
          -0.000974344452607221,
          0.8416372673104379,
          -0.0426869044701623,
          0.3741400029697398
        ],
        [
          0.5685572333531851,
          0.17034165851614919,
          -0.5325137040155101,
          -0.27624709492560884,
          -0.10032834758221683,
          0.11957381713837993,
          0.4566730495841697,
          -0.017005967418217874,
          -0.23375187087727595
        ],
        [
          0.28127966255622083,
          -0.5708102144895412,
          -0.20233147310325245,
          0.727263023469938,
          -0.013265449272364255,
          0.008740715399804061,
          -0.009094524095477032,
          0.06690100543413269,
          -0.14281839169090632
        ],
        [
          0.1291487745190912,
          -0.14789479639022468,
          0.07612931588638801,
          -0.05917495830903227,
          0.3234411209897274,
          -0.19872736977068195,
          0.022606426338912106,
          -0.8981882794107499,
          -0.02811428083700102
        ],
        [
          -0.19552156063492854,
          0.3997246242173612,
          -0.43405450878859186,
          0.2658231391812119,
          0.39218268759526537,
          -0.6096881174187772,
          -0.014167544985315639,
          0.12837040227189306,
          -0.02682807700628141
        ],
        [
          0.06077842517607726,
          -0.07123093384030524,
          0.0610579816977802,
          -0.05954418311615571,
          -0.7514172311184164,
          -0.6396208892269313,
          -0.015486161963676762,
          -0.09987878004530537,
          -0.0004702685991048851
        ],
        [
          0.510995002927698,
          0.5605213502324831,
          0.5236147927152003,
          0.3879787001451154,
          -1.2101430968414206e-14,
          -1.021405182655144e-14,
          -3.95516952522712e-16,
          4.6074255521944e-15,
          1.1796119636642288e-16
        ]
      ],
      "top_loading_name": "Pur",
      "top_loading_val": -0.4065413267424038,
      "best_proxy_name": "Pur",
      "best_proxy_corr": 0.9925697489819714,
      "pc1_pct": 66.2323494274185,
      "pc2_pct": 11.74842308120508,
      "pc3_pct": 10.401417433226381,
      "three_pc_pct": 88.38218994184996,
      "N": 5,
      "topo": "chain",
      "pair": "0_1_far_edge",
      "pclass": "far_edge",
      "gate1_conc_std": 0.0051725444995691285,
      "gate3_pur_range": 0.744116507223076
    },
    "N5_chain_1_2_adjacent": {
      "n90": 4,
      "n95": 4,
      "n99": 6,
      "n_active": 9,
      "active_features": [
        "Phi+",
        "Phi-",
        "Psi+",
        "Psi-",
        "Pur",
        "SvN",
        "C",
        "Psi",
        "ph03"
      ],
      "var_exp": [
        0.5838087460397965,
        0.18157404172455555,
        0.13029981914709723,
        0.0606294221068423,
        0.022186991434267136,
        0.01735617508865558,
        0.003979908993265745,
        0.00016489546552002306,
        4.714588395493928e-30
      ],
      "cum_var": [
        0.5838087460397965,
        0.765382787764352,
        0.8956826069114492,
        0.9563120290182915,
        0.9784990204525587,
        0.9958551955412143,
        0.99983510453448,
        1.0,
        1.0
      ],
      "Vt": [
        [
          0.2911775732910123,
          -0.35367129524552643,
          0.2423485388101304,
          -0.40160214175783154,
          0.42897482358298183,
          -0.4104618935489578,
          0.17819276722530838,
          0.4281996726870942,
          0.05009145535151121
        ],
        [
          -0.19210220010457796,
          0.32881634690663203,
          -0.09610096310271206,
          0.07698784773707679,
          0.06355551319723204,
          -0.1684251840827221,
          0.6302192399091683,
          -0.03339277306476732,
          0.6396220113299694
        ],
        [
          0.6421504328849716,
          0.04627940168677151,
          -0.7460162450510505,
          -0.09551262295809258,
          0.00040109043684446663,
          0.008176305723893974,
          -0.05294020711947345,
          -0.05038282482058837,
          0.1201250685126591
        ],
        [
          0.04876614162027092,
          -0.4016183617924565,
          0.14969272219077565,
          0.16120543372593069,
          -0.06148503051228546,
          0.1336959825762168,
          -0.4759620622088425,
          0.0034742753511519953,
          0.7346580646651467
        ],
        [
          0.030474703354427975,
          -0.5315484099186475,
          -0.1489276528176044,
          0.7256503807492993,
          0.10777618108072079,
          -0.1555260533178574,
          0.3073061122345547,
          -0.05821011754484051,
          -0.1847975558355107
        ],
        [
          -0.24072891599176463,
          0.34830822254252175,
          -0.20298073353584198,
          0.2746708122410203,
          0.3161134129077206,
          -0.5776059053370065,
          -0.49497311097994307,
          0.1597667209709543,
          -0.0023833605443365257
        ],
        [
          -0.05230278452933035,
          0.07022231913923925,
          -0.1243929242518162,
          0.17149978516491554,
          -0.39966157143245046,
          0.17042183540814507,
          0.04766872958025697,
          0.8696759688219569,
          -0.00811766713493562
        ],
        [
          0.07922205174826066,
          -0.11102975233082485,
          0.0789515437568361,
          -0.11032925263559326,
          -0.7327263888486507,
          -0.6311513181907344,
          0.004556553003681837,
          -0.16652131914799553,
          -0.0005577546825721506
        ],
        [
          0.6290359427032903,
          0.4268913484614976,
          0.5176833702605843,
          0.3925321484308634,
          -3.497202527569243e-15,
          5.551115123125783e-17,
          1.4883927423881005e-15,
          3.9968028886505635e-15,
          -2.185751579730777e-16
        ]
      ],
      "top_loading_name": "Pur",
      "top_loading_val": 0.42897482358298183,
      "best_proxy_name": "Pur",
      "best_proxy_corr": 0.9833052476983585,
      "pc1_pct": 58.38087460397965,
      "pc2_pct": 18.157404172455553,
      "pc3_pct": 13.029981914709724,
      "three_pc_pct": 89.56826069114491,
      "N": 5,
      "topo": "chain",
      "pair": "1_2_adjacent",
      "pclass": "adjacent",
      "gate1_conc_std": 0.024220520059451963,
      "gate3_pur_range": 0.43105314630256697
    },
    "N5_chain_2_3_center_bell": {
      "n90": 3,
      "n95": 4,
      "n99": 5,
      "n_active": 9,
      "active_features": [
        "Phi+",
        "Phi-",
        "Psi+",
        "Psi-",
        "Pur",
        "SvN",
        "C",
        "Psi",
        "ph03"
      ],
      "var_exp": [
        0.6375676491119401,
        0.20260995898334513,
        0.1036504705783217,
        0.033732195099136705,
        0.014592838836568681,
        0.004182508240230438,
        0.0036225976167017213,
        4.178153375547368e-05,
        2.1003959590013653e-30
      ],
      "cum_var": [
        0.6375676491119401,
        0.8401776080952852,
        0.9438280786736069,
        0.9775602737727436,
        0.9921531126093123,
        0.9963356208495427,
        0.9999582184662444,
        0.9999999999999999,
        0.9999999999999999
      ],
      "Vt": [
        [
          -0.34281071968009297,
          0.3889974959255248,
          -0.02490078633847409,
          0.387922451313555,
          -0.41409786756886574,
          0.4118975188478629,
          -0.34606863816563577,
          -0.34426099768681717,
          0.02534037163202059
        ],
        [
          -0.4006616056416068,
          -0.18217687490414494,
          0.7167239618026409,
          0.02361193559737748,
          0.04158204825579635,
          -0.05123862863295844,
          -0.30450549008722577,
          0.3421248628888278,
          -0.2791122068072748
        ],
        [
          -0.0893897626702363,
          -0.07951389841356604,
          0.1726091411127873,
          0.03672275364080842,
          0.025488508617925832,
          -0.030121647753914405,
          -0.12120508598225868,
          0.15360324466217581,
          0.9564010281699231
        ],
        [
          0.2227860532991571,
          0.26000057134588866,
          -0.23977522742417645,
          -0.5117869258465433,
          -0.1302669185889841,
          0.1298756710954056,
          -0.5938639699329613,
          0.4194689194224015,
          -0.02970372088376648
        ],
        [
          0.24293263319845174,
          -0.507911612685793,
          -0.31000932409958365,
          0.6224101054773885,
          -0.06266493315480032,
          0.06043544160305192,
          -0.2785522999601274,
          0.3303309159443194,
          -0.07225077651062392
        ],
        [
          0.11064015366279915,
          -0.18723466267591288,
          0.016943840698838388,
          -0.055495336188774266,
          0.2745084984948381,
          -0.40171541949135475,
          -0.5804345743876647,
          -0.6129429761181009,
          -0.001237050389917229
        ],
        [
          -0.2599711788653373,
          0.5418764757668524,
          -0.2380267249572104,
          0.337759698972396,
          0.329953339406046,
          -0.5262062035807529,
          -0.04179813022879353,
          0.2826593370042416,
          -0.02531749923891385
        ],
        [
          0.029651319545463482,
          -0.057521422552923876,
          0.02701447308604638,
          -0.04421467595714717,
          -0.7880505944475572,
          -0.6066459789293551,
          0.062490430340394774,
          0.013149362571141765,
          0.0025145755366316686
        ],
        [
          0.7242963554758289,
          0.38935834782659734,
          0.49459201350139304,
          0.28137804925546656,
          7.66053886991358e-15,
          4.163336342344337e-15,
          -1.2212453270876722e-15,
          5.273559366969494e-16,
          -2.671474153004283e-16
        ]
      ],
      "top_loading_name": "Pur",
      "top_loading_val": -0.41409786756886574,
      "best_proxy_name": "Pur",
      "best_proxy_corr": 0.9919445246320259,
      "pc1_pct": 63.75676491119401,
      "pc2_pct": 20.260995898334514,
      "pc3_pct": 10.36504705783217,
      "three_pc_pct": 94.38280786736068,
      "N": 5,
      "topo": "chain",
      "pair": "2_3_center_bell",
      "pclass": "center_bell",
      "gate1_conc_std": 0.11653528148764047,
      "gate3_pur_range": 0.743542027996881
    },
    "N5_star_0_2_center_leaf": {
      "n90": 3,
      "n95": 4,
      "n99": 5,
      "n_active": 8,
      "active_features": [
        "Phi+",
        "Phi-",
        "Psi+",
        "Psi-",
        "Pur",
        "SvN",
        "C",
        "Psi"
      ],
      "var_exp": [
        0.643763340446082,
        0.23358611633449292,
        0.06307720874841757,
        0.03521040800694478,
        0.020535470367022787,
        0.0036183330132322244,
        0.0002091230838075622,
        5.244309963517985e-30
      ],
      "cum_var": [
        0.643763340446082,
        0.8773494567805749,
        0.9404266655289925,
        0.9756370735359372,
        0.99617254390296,
        0.9997908769161922,
        0.9999999999999998,
        0.9999999999999998
      ],
      "Vt": [
        [
          0.32676210736130884,
          -0.36058569256951756,
          0.24513468914038947,
          -0.36690875547672896,
          0.4323210626115687,
          -0.4177510774434207,
          0.14590562341854435,
          0.43102844223279685
        ],
        [
          0.4329941860956219,
          0.3508204171736244,
          -0.5706109876980897,
          -0.2163438972094579,
          -0.018674529729781245,
          -0.03144633572658409,
          0.5540071788529167,
          -0.09369057715759271
        ],
        [
          0.3146296430913861,
          0.23945542030263037,
          -0.1902292957889239,
          -0.4641549626057827,
          -0.03210224883934715,
          0.10373898964906249,
          -0.7590015364700774,
          0.06454928636369839
        ],
        [
          0.0817366810485512,
          -0.03086368995391435,
          -0.46565601438256493,
          0.6003996155846765,
          0.30617406199914116,
          -0.4786516230703127,
          -0.3030072015763377,
          0.01969844594608047
        ],
        [
          -0.5393627999135014,
          0.6566856768298859,
          0.10963500286174113,
          -0.21852635423290692,
          0.19096525577717302,
          -0.4106161741753973,
          0.03478860596466743,
          0.10860235750515276
        ],
        [
          0.0634957891121612,
          -0.10420303026413014,
          0.16238789345717755,
          -0.19560869623361637,
          0.3163040702436201,
          -0.19289487724288784,
          -0.04255221035138759,
          -0.8839740008281372
        ],
        [
          0.0854909938311211,
          -0.11426692817135259,
          0.06880753993290128,
          -0.07797382484405338,
          -0.7625356754758799,
          -0.6154769978333796,
          -0.029495093701550262,
          -0.08762084455032247
        ],
        [
          -0.5457263118705206,
          -0.48317724180153077,
          -0.5640613768426957,
          -0.38801714999673187,
          -9.492406860545088e-15,
          -7.771561172376096e-15,
          1.1102230246251565e-16,
          -2.4424906541753444e-15
        ]
      ],
      "top_loading_name": "Pur",
      "top_loading_val": 0.4323210626115687,
      "best_proxy_name": "Pur",
      "best_proxy_corr": 0.9811027853988428,
      "pc1_pct": 64.3763340446082,
      "pc2_pct": 23.358611633449293,
      "pc3_pct": 6.307720874841757,
      "three_pc_pct": 94.04266655289925,
      "N": 5,
      "topo": "star",
      "pair": "0_2_center_leaf",
      "pclass": "center_leaf",
      "gate1_conc_std": 0.013488103661474597,
      "gate3_pur_range": 0.38546756356040807
    },
    "N5_star_1_4_far_leaf": {
      "n90": 4,
      "n95": 5,
      "n99": 5,
      "n_active": 9,
      "active_features": [
        "Phi+",
        "Phi-",
        "Psi+",
        "Psi-",
        "Pur",
        "SvN",
        "C",
        "Psi",
        "ph03"
      ],
      "var_exp": [
        0.6060877489311878,
        0.17070959501735797,
        0.11025351916072933,
        0.05991055904954306,
        0.043651209375198584,
        0.00827240514709546,
        0.0010611227738607984,
        5.3840545026930786e-05,
        1.81788876449995e-30
      ],
      "cum_var": [
        0.6060877489311878,
        0.7767973439485457,
        0.8870508631092751,
        0.9469614221588181,
        0.9906126315340167,
        0.9988850366811122,
        0.999946159454973,
        0.9999999999999999,
        0.9999999999999999
      ],
      "Vt": [
        [
          -0.26368398737253135,
          0.37044044226458295,
          -0.26882423042252956,
          0.38996946937316657,
          -0.4213382796294084,
          0.41882207386026377,
          -0.19985100399112365,
          -0.41590782450103936,
          -0.05517573671062306
        ],
        [
          -0.5840678119407698,
          -0.06408759564458044,
          0.5909723505918969,
          0.0685091041719553,
          0.045802214433853496,
          -0.053639234160022,
          -0.523990272818197,
          0.14551383271211515,
          0.010033085950314493
        ],
        [
          -0.022653848409607078,
          -0.06206039171206075,
          0.04327671960257009,
          0.030666831377110574,
          0.02468978259818659,
          -0.015558477920387842,
          0.07458719436227675,
          0.015092026344140358,
          -0.9930656128899819
        ],
        [
          0.41360010091058114,
          -0.2075953142727348,
          -0.3437192300504553,
          0.08640664058481747,
          0.12588726543423095,
          -0.1206433832724397,
          -0.7910809947269563,
          -0.004441392464824837,
          -0.06323630020789692
        ],
        [
          -0.0036946430960843662,
          -0.7386017080490171,
          0.05856979195282812,
          0.6179020876423182,
          -0.027425603206144927,
          0.1141102829736598,
          0.20625461378848275,
          -0.08098974887697918,
          0.07966699764389848
        ],
        [
          0.22049298362726982,
          -0.20544470049441677,
          0.13041090076910752,
          -0.29467665419723965,
          -0.5006948478440248,
          0.5822474802959468,
          -0.08932892801528233,
          0.4553668723478029,
          -0.016967052216156214
        ],
        [
          -0.1602456582149876,
          0.2565210076744367,
          -0.331073671099197,
          0.4372666842449793,
          0.059857417199089616,
          -0.09414145845272266,
          0.059610546524638396,
          0.7692031199472243,
          0.005830198313680328
        ],
        [
          -0.021550282036439695,
          0.06506615142781708,
          -0.015404597823414051,
          -0.009763999262558241,
          0.7408701759054106,
          0.6678458741750083,
          -0.006880411925404579,
          -0.0026726747882805223,
          0.0028515801478300445
        ],
        [
          0.5856478580921884,
          0.39235533965751684,
          0.5728742702457292,
          0.41819725518550355,
          5.495603971894525e-15,
          4.9682480351975755e-15,
          -3.885780586188048e-16,
