{
  "mode": "hardware",
  "timestamp": "20260416_212042",
  "backend": "ibm_kingston",
  "delta": 0.04,
  "shots": 2048,
  "F57_predicted_K_over_delta": 1.080088,
  "pair_runs": {
    "A_mid": {
      "pair": {
        "qubits": [
          124,
          125
        ],
        "T1_us": [
          325.46487346806117,
          258.75072246630305
        ],
        "T2_us": [
          149.52666120897092,
          309.5693289195138
        ],
        "T2_min_us": 149.52666120897092,
        "T1_min_us": 258.75072246630305,
        "cz_err": 0.00150965723459634,
        "gate_len_ns": 68.0,
        "gamma_per_us": 0.003343885270742622
      },
      "pred": {
        "t_cross_us": 13.513921534093278,
        "scan_ts_us": [
          0.5,
          19.16999931778803,
          37.83999863557606,
          56.50999795336409,
          75.17999727115212,
          93.84999658894014,
          112.51999590672818,
          131.1899952245162,
          149.85999454230424,
          168.52999386009228,
          187.1999931778803,
          205.86999249566833,
          224.53999181345637,
          243.20999113124438,
          261.8799904490324,
          280.54998976682043,
          299.21998908460847,
          317.8899884023965,
          336.55998772018455,
          355.22998703797253,
          373.8999863557606,
          392.5699856735486,
          411.23998499133666,
          429.9099843091247,
          448.57998362691274
        ],
        "scan_cpsi": [
          0.3250175210439691,
          0.21739607403863068,
          0.14756245528478829,
          0.10438148551174199,
          0.07812054454718312,
          0.059717707471731385,
          0.047172451712286394,
          0.03865358180330494,
          0.031935809553682096,
          0.026764493955635228,
          0.02284518440381024,
          0.01944962953934027,
          0.016623876808594815,
          0.014355293433576216,
          0.01230712220013534,
          0.010552505572159657,
          0.009117910379335655,
          0.007808485751507377,
          0.006680079385607732,
          0.005755489774087203,
          0.004911826392212467,
          0.0041862444361576365,
          0.0035935213940101263,
          0.0030546835832616294,
          0.002593228255229706
        ]
      },
      "delays_us": [
        4.05,
        9.46,
        12.16,
        14.87,
        17.57,
        22.97
      ],
      "trajectory": [
        {
          "C": 0.8280424012078182,
          "Psi": 0.3573707783119082,
          "L1": 1.0721123349357247,
          "CPsi": 0.2959181573948994,
          "t_us": 4.05,
          "rho2_real": [
            [
              0.5117187500000001,
              0.010742187500000007,
              -0.0018717447916666262,
              0.4296875
            ],
            [
              0.010742187500000007,
              0.048665364583334265,
              0.00244140625,
              0.02791341145833333
            ],
            [
              -0.0018717447916666262,
              0.00244140625,
              0.009928385416667573,
              0.0048828125
            ],
            [
              0.4296875,
              0.02791341145833333,
              0.0048828125,
              0.4296875000000001
            ]
          ],
          "rho2_imag": [
            [
              0.0,
              -0.019612630208333304,
              -0.01871744791666669,
              -0.04736328125
            ],
            [
              0.019612630208333304,
              0.0,
              0.0,
              -0.012369791666666689
            ],
            [
              0.01871744791666669,
              0.0,
              0.0,
              0.02921549479166664
            ],
            [
              0.04736328125,
              0.012369791666666689,
              -0.02921549479166664,
              0.0
            ]
          ]
        },
        {
          "C": 0.792505264282227,
          "Psi": 0.3382339776065682,
          "L1": 1.0147019328197047,
          "CPsi": 0.2680522078123222,
          "t_us": 9.46,
          "rho2_real": [
            [
              0.49633789062500017,
              0.018229166666666657,
              0.006022135416666675,
              0.4140625
            ],
            [
              0.018229166666666657,
              0.05297851562500094,
              0.00537109375,
              0.016764322916666647
            ],
            [
              0.006022135416666675,
              0.00537109375,
              0.017333984375000923,
              -0.014485677083333322
            ],
            [
              0.4140625,
              0.016764322916666647,
              -0.014485677083333322,
              0.4333496093750001
            ]
          ],
          "rho2_imag": [
            [
              0.0,
              -0.006103515624999988,
              -0.02058919270833334,
              -0.067626953125
            ],
            [
              0.006103515624999988,
              0.0,
              0.009521484375,
              0.0033365885416666275
            ],
            [
              0.02058919270833334,
              -0.009521484375,
              0.0,
              0.012451171874999998
            ],
            [
              0.067626953125,
              -0.0033365885416666275,
              -0.012451171874999998,
              0.0
            ]
          ]
        },
        {
          "C": 0.760684278276232,
          "Psi": 0.3158205507912749,
          "L1": 0.9474616523738247,
          "CPsi": 0.24023972774346303,
          "t_us": 12.16,
          "rho2_real": [
            [
              0.49536132812500017,
              0.004475911458333304,
              -0.0016276041666666678,
              0.393798828125
            ],
            [
              0.004475911458333304,
              0.0588378906250009,
              0.001708984375,
              0.014485677083333332
            ],
            [
              -0.0016276041666666678,
              0.001708984375,
              0.031005859375000906,
              -0.012613932291666657
            ],
            [
              0.393798828125,
              0.014485677083333332,
              -0.012613932291666657,
              0.41479492187500017
            ]
          ],
          "rho2_imag": [
            [
              0.0,
              -0.004720052083333311,
              -0.020182291666666668,
              -0.115478515625
            ],
            [
              0.004720052083333311,
              0.0,
              0.003662109375,
              -0.006510416666666696
            ],
            [
              0.020182291666666668,
              -0.003662109375,
              0.0,
              0.010904947916666682
            ],
            [
              0.115478515625,
              0.006510416666666696,
              -0.010904947916666682,
              0.0
            ]
          ]
        },
        {
          "C": 0.7611860699123809,
          "Psi": 0.3215500100567903,
          "L1": 0.9646500301703709,
          "CPsi": 0.24475938843541475,
          "t_us": 14.87,
          "rho2_real": [
            [
              0.5088704427083335,
              0.006754557291666668,
              -0.0032552083333333183,
              0.3896484375
            ],
            [
              0.006754557291666668,
              0.05704752604166757,
              -0.001953125,
              0.02360026041666665
            ],
            [
              -0.0032552083333333183,
              -0.001953125,
              0.0254720052083342,
              -0.004475911458333325
            ],
            [
              0.3896484375,
              0.02360026041666665,
              -0.004475911458333325,
              0.40861002604166674
            ]
          ],
          "rho2_imag": [
            [
              0.0,
              -0.01049804687499999,
              -0.013509114583333336,
              -0.112060546875
            ],
            [
              0.01049804687499999,
              0.0,
              0.012451171875,
              -0.008626302083333336
            ],
            [
              0.013509114583333336,
              -0.012451171875,
              0.0,
              0.011962890624999986
            ],
            [
              0.112060546875,
              0.008626302083333336,
              -0.011962890624999986,
              0.0
            ]
          ]
        },
        {
          "C": 0.7087216907077372,
          "Psi": 0.29885412071406675,
          "L1": 0.8965623621422002,
          "CPsi": 0.21180439770744755,
          "t_us": 17.57,
          "rho2_real": [
            [
              0.4950358072916669,
              0.012044270833333336,
              0.0008138020833333426,
              0.358154296875
            ],
            [
              0.012044270833333336,
              0.06372070312500082,
              0.002685546875,
              0.014973958333333329
            ],
            [
              0.0008138020833333426,
              0.002685546875,
              0.04028320312500092,
              -0.005533854166666657
            ],
            [
              0.358154296875,
              0.014973958333333329,
              -0.005533854166666657,
              0.40096028645833354
            ]
          ],
          "rho2_imag": [
            [
              0.0,
              -0.004638671874999993,
              -0.013997395833333332,
              -0.139404296875
            ],
            [
              0.004638671874999993,
              0.0,
              -0.005126953125,
              -0.010091145833333346
            ],
            [
              0.013997395833333332,
              0.005126953125,
              0.0,
              0.011962890624999983
            ],
            [
              0.139404296875,
              0.010091145833333346,
              -0.011962890624999983,
              0.0
            ]
          ]
        },
        {
          "C": 0.5594536993238666,
          "Psi": 0.2795675835561104,
          "L1": 0.8387027506683312,
          "CPsi": 0.15640511883150013,
          "t_us": 22.97,
          "rho2_real": [
            [
              0.5111490885416667,
              -0.004557291666666647,
              0.04646809895833335,
              0.111328125
            ],
            [
              -0.004557291666666647,
              0.11938476562500079,
              0.0048828125,
              0.03328450520833339
            ],
            [
              0.04646809895833335,
              0.0048828125,
              0.04321289062500087,
              0.006184895833333318
            ],
            [
              0.111328125,
              0.03328450520833339,
              0.006184895833333318,
              0.3262532552083335
            ]
          ],
          "rho2_imag": [
            [
              0.0,
              -0.003987630208333325,
              -0.03491210937500004,
              -0.2626953125
            ],
            [
              0.003987630208333325,
              0.0,
              -0.00439453125,
              -0.04174804687500004
            ],
            [
              0.03491210937500004,
              0.00439453125,
              0.0,
              0.007731119791666661
            ],
            [
              0.2626953125,
              0.04174804687500004,
              -0.007731119791666661,
              0.0
            ]
          ]
        }
      ],
      "analysis": {
        "delta": 0.04,
        "gamma_per_us": 0.003343885270742622,
        "t_cross_measured_us": 11.21248525024001,
        "slope_at_cross_per_us": -0.010300918544021917,
        "t_dwell_us": 7.7662977003567875,
        "K_dwell": 0.025969608488425357,
        "K_dwell_over_delta": 0.6492402122106339,
        "F57_predicted_K_over_delta": 1.080088
      }
    },
    "B_high": {
      "pair": {
        "qubits": [
          14,
          15
        ],
        "T1_us": [
          349.76326426523525,
          381.33602578323934
        ],
        "T2_us": [
          536.9598095492573,
          381.0821025452387
        ],
        "T2_min_us": 381.0821025452387,
        "T1_min_us": 349.76326426523525,
        "cz_err": 0.0031938520683077454,
        "gate_len_ns": 68.0,
        "gamma_per_us": 0.0013120532207115249
      },
      "pred": {
        "t_cross_us": 29.17383378674976,
        "scan_ts_us": [
          0.5,
          48.1144294848215,
          95.728858969643,
          143.3432884544645,
          190.957717939286,
          238.5721474241075,
          286.186576908929,
          333.8010063937505,
          381.415435878572,
          429.02986536339347,
          476.644294848215,
          524.2587243330365,
          571.873153817858,
          619.4875833026795,
          667.102012787501,
          714.7164422723225,
          762.330871757144,
          809.9453012419655,
          857.5597307267869,
          905.1741602116085,
          952.78858969643,
          1000.4030191812515,
          1048.017448666073,
          1095.6318781508944,
          1143.246307635716
        ],
        "scan_cpsi": [
          0.32915647014820615,
          0.19771293196738576,
          0.12816450264311058,
          0.09121753067031999,
          0.06929556213937726,
          0.05549780492241451,
          0.04612033541790976,
          0.03888188371830303,
          0.033172329936127086,
          0.028275878405221316,
          0.024077800695623736,
          0.020513674726878907,
          0.01735149687195451,
          0.01466826588403615,
          0.012304217397132906,
          0.010279348708157592,
          0.008588222517351399,
          0.0071231939768466816,
          0.005889273571289031,
          0.0048748204821023045,
          0.004008653330602339,
          0.0033024500409708597,
          0.002703952783922785,
          0.002209877351150468,
          0.0018108438717605144
        ]
      },
      "delays_us": [
        8.75,
        20.42,
        26.26,
        32.09,
        37.93,
        49.6
      ],
      "trajectory": [
        {
          "C": 0.8487571080525718,
          "Psi": 0.31303041327655096,
          "L1": 0.9390912398296529,
          "CPsi": 0.2656867883051068,
          "t_us": 8.75,
          "rho2_real": [
            [
              0.4971516927083333,
              0.0028483072916666574,
              0.001220703124999993,
              0.4248046875
            ],
            [
              0.0028483072916666574,
              0.02400716145833432,
              0.00634765625,
              -0.00024414062500000694
            ],
            [
              0.001220703124999993,
              0.00634765625,
              0.017985026041667608,
              0.0038248697916666713
            ],
            [
              0.4248046875,
              -0.00024414062500000694,
              0.0038248697916666713,
              0.46085611979166674
            ]
          ],
          "rho2_imag": [
            [
              0.0,
              0.002929687499999998,
              0.007893880208333327,
              0.1162109375
            ],
            [
              -0.002929687499999998,
              0.0,
              -0.00048828125,
              -0.0028483072916666596
            ],
            [
              -0.007893880208333327,
              0.00048828125,
              0.0,
              -0.006835937499999995
            ],
            [
              -0.1162109375,
              0.0028483072916666596,
              0.006835937499999995,
              0.0
            ]
          ]
        },
        {
          "C": 0.8089272181193035,
          "Psi": 0.3196163257779594,
          "L1": 0.9588489773338782,
          "CPsi": 0.2585463452770777,
          "t_us": 20.42,
          "rho2_real": [
            [
              0.48860677083333326,
              -0.0035807291666666696,
              -0.011881510416666657,
              0.369873046875
            ],
            [
              -0.0035807291666666696,
              0.04215494791666763,
              0.012939453125,
              0.006184895833333329
            ],
            [
              -0.011881510416666657,
              0.012939453125,
              0.03304036458333429,
              -0.0035807291666666626
            ],
            [
              0.369873046875,
              0.006184895833333329,
              -0.0035807291666666626,
              0.4361979166666667
            ]
          ],
          "rho2_imag": [
            [
              0.0,
              -9.540979117872439e-18,
              -0.0029296874999999853,
              0.226318359375
            ],
            [
              9.540979117872439e-18,
              0.0,
              0.007568359375,
              -0.0029296874999999853
            ],
            [
              0.0029296874999999853,
              -0.007568359375,
              0.0,
              -0.0073242187500000095
            ],
            [
              -0.226318359375,
              0.0029296874999999853,
              0.0073242187500000095,
              0.0
            ]
          ]
        },
        {
          "C": 0.7602339320712621,
          "Psi": 0.3110275236391667,
          "L1": 0.9330825709175001,
          "CPsi": 0.23645367727859112,
          "t_us": 26.26,
          "rho2_real": [
            [
              0.4865722656249999,
              -0.009277343749999998,
              0.002278645833333334,
              0.31494140625
            ],
            [
              -0.009277343749999998,
              0.03491210937500089,
              -0.00341796875,
              0.003743489583333341
            ],
            [
              0.002278645833333334,
              -0.00341796875,
              0.04321289062500092,
              0.011230468749999977
            ],
            [
              0.31494140625,
              0.003743489583333341,
              0.011230468749999977,
              0.43530273437500006
            ]
          ],
          "rho2_imag": [
            [
              0.0,
              0.01318359375000001,
              0.013753255208333322,
              0.255859375
            ],
            [
              -0.01318359375000001,
              0.0,
              0.00439453125,
              -0.012125651041666654
            ],
            [
              -0.013753255208333322,
              -0.00439453125,
              0.0,
              -0.005371093749999979
            ],
            [
              -0.255859375,
              0.012125651041666654,
              0.005371093749999979,
              0.0
            ]
          ]
        },
        {
          "C": 0.7374495930141879,
          "Psi": 0.3013031472741395,
          "L1": 0.9039094418224185,
          "CPsi": 0.22219588333120807,
          "t_us": 32.09,
          "rho2_real": [
            [
              0.4986979166666669,
              -0.0021158854166666713,
              -0.006754557291666657,
              0.278564453125
            ],
            [
              -0.0021158854166666713,
              0.04752604166666754,
              0.006103515625,
              0.009358723958333343
            ],
            [
              -0.006754557291666657,
              0.006103515625,
              0.050618489583334245,
              0.0013020833333333356
            ],
            [
              0.278564453125,
              0.009358723958333343,
              0.0013020833333333356,
              0.40315755208333354
            ]
          ],
          "rho2_imag": [
            [
              0.0,
              0.009277343749999993,
              0.01692708333333331,
              0.287109375
            ],
            [
              -0.009277343749999993,
              0.0,
              0.0087890625,
              -0.00602213541666664
            ],
            [
              -0.01692708333333331,
              -0.0087890625,
              0.0,
              -0.0019531249999999861
            ],
            [
              -0.287109375,
              0.00602213541666664,
              0.0019531249999999861,
              0.0
            ]
          ]
        },
        {
          "C": 0.7218617863125276,
          "Psi": 0.30543632029613793,
          "L1": 0.9163089608884138,
          "CPsi": 0.22048280777369547,
          "t_us": 37.93,
          "rho2_real": [
            [
              0.4930826822916669,
              0.008870442708333329,
              -0.0027669270833333244,
              0.198486328125
            ],
            [
              0.008870442708333329,
              0.04793294270833422,
              0.007080078125,
              0.011393229166666654
            ],
            [
              -0.0027669270833333244,
              0.007080078125,
              0.05411783854166756,
              0.0030110677083333487
            ],
            [
              0.198486328125,
              0.011393229166666654,
              0.0030110677083333487,
              0.4048665364583335
            ]
          ],
          "rho2_imag": [
            [
              0.0,
              0.015218098958333308,
              0.010742187499999993,
              0.33837890625
            ],
            [
              -0.015218098958333308,
              0.0,
              0.00927734375,
              0.001953125
            ],
            [
              -0.010742187499999993,
              -0.00927734375,
              0.0,
              -0.013590494791666644
            ],
            [
              -0.33837890625,
              -0.001953125,
              0.013590494791666644,
              0.0
            ]
          ]
        },
        {
          "C": 0.6549443668789339,
          "Psi": 0.2606652067434742,
          "L1": 0.7819956202304226,
          "CPsi": 0.17072120879797112,
          "t_us": 49.6,
          "rho2_real": [
            [
              0.49235026041666674,
              0.0030110677083333252,
              -0.010009765625000003,
              0.086181640625
            ],
            [
              0.0030110677083333252,
              0.052734375000000895,
              -0.004150390625,
              -0.0051269531250000035
            ],
            [
              -0.010009765625000003,
              -0.004150390625,
              0.06494140625000089,
              -0.005289713541666657
            ],
            [
              0.086181640625,
              -0.0051269531250000035,
              -0.005289713541666657,
              0.3899739583333336
            ]
          ],
          "rho2_imag": [
            [
              0.0,
              -0.0035807291666666782,
              0.007812500000000003,
              0.344970703125
            ],
            [
              0.0035807291666666782,
              0.0,
              -0.001708984375,
              -0.0029296874999999827
            ],
            [
              -0.007812500000000003,
              0.001708984375,
              0.0,
              -0.005533854166666678
            ],
            [
              -0.344970703125,
              0.0029296874999999827,
              0.005533854166666678,
              0.0
            ]
          ]
        }
      ],
      "analysis": {
        "delta": 0.04,
        "gamma_per_us": 0.0013120532207115249,
        "t_cross_measured_us": 22.679150249374718,
        "slope_at_cross_per_us": -0.003782991095631264,
        "t_dwell_us": 21.14728741825137,
        "K_dwell": 0.027746366566429016,
        "K_dwell_over_delta": 0.6936591641607254,
        "F57_predicted_K_over_delta": 1.080088
      }
    }
  },
  "cal_snapshot_start": {
    "124": {
      "T1_us": 325.46487346806117,
      "T2_us": 149.52666120897092,
      "sq_ns": 32.0,
      "operational": true
    },
    "125": {
      "T1_us": 258.75072246630305,
      "T2_us": 309.5693289195138,
      "sq_ns": 32.0,
      "operational": true
    },
    "14": {
      "T1_us": 349.76326426523525,
      "T2_us": 536.9598095492573,
      "sq_ns": 32.0,
      "operational": true
    },
    "15": {
      "T1_us": 381.33602578323934,
      "T2_us": 381.0821025452387,
      "sq_ns": 32.0,
      "operational": true
    }
  },
  "cal_snapshot_end": {
    "124": {
      "T1_us": 325.46487346806117,
      "T2_us": 149.52666120897092,
      "sq_ns": 32.0,
      "operational": true
    },
    "125": {
      "T1_us": 258.75072246630305,
      "T2_us": 309.5693289195138,
      "sq_ns": 32.0,
      "operational": true
    },
    "14": {
      "T1_us": 349.76326426523525,
      "T2_us": 536.9598095492573,
      "sq_ns": 32.0,
      "operational": true
    },
    "15": {
      "T1_us": 381.33602578323934,
      "T2_us": 381.0821025452387,
      "sq_ns": 32.0,
      "operational": true
    }
  },
  "drift_report": {
    "124": {
      "T2_start": 149.52666120897092,
      "T2_end": 149.52666120897092,
      "pct": 0.0
    },
    "125": {
      "T2_start": 309.5693289195138,
      "T2_end": 309.5693289195138,
      "pct": 0.0
    },
    "14": {
      "T2_start": 536.9598095492573,
      "T2_end": 536.9598095492573,
      "pct": 0.0
    },
    "15": {
      "T2_start": 381.0821025452387,
      "T2_end": 381.0821025452387,
      "pct": 0.0
    }
  }
}