=== CAVITY MODE LOCALIZATION ANALYSIS ===
N=5 Chain, J=1.0

Generating Pauli basis (1024 strings)...
Done. 1024 strings generated.

======================================================================
PROFILE: IBM SACRIFICE ZONE
======================================================================
Gammas: [0.1341, 0.0081, 0.0052, 0.0073, 0.0053]
Total modes: 1024
Oscillating: 1018

Computing qubit weights for 1018 oscillating modes...

Top 20 slowest oscillating modes:
  #       Rate     Freq  Q0(sac)       Q1       Q2       Q3       Q4
  1   0.022850    7.236    0.519    0.631    0.700    0.631    0.519
  2   0.022850    7.236    0.519    0.631    0.700    0.631    0.519
  3   0.022850    7.236    0.519    0.631    0.700    0.631    0.519
  4   0.022850    7.236    0.519    0.631    0.700    0.631    0.519
  5   0.046657    0.000    0.546    0.743    0.799    0.743    0.546
  6   0.046657    0.000    0.546    0.743    0.799    0.743    0.546
  7   0.049053    0.000    0.566    0.640    0.688    0.640    0.565
  8   0.049053    0.000    0.566    0.640    0.688    0.640    0.565
  9   0.049648    5.234    0.569    0.681    0.500    0.681    0.569
 10   0.049648    5.234    0.569    0.681    0.500    0.681    0.569
 11   0.049648    5.234    0.569    0.681    0.500    0.681    0.569
 12   0.049648    5.234    0.569    0.681    0.500    0.681    0.569
 13   0.052811    0.000    0.602    0.695    0.760    0.695    0.603
 14   0.052811    0.000    0.535    0.669    0.741    0.669    0.536
 15   0.060351    0.003    0.591    0.617    0.619    0.616    0.591
 16   0.060351    0.003    0.591    0.617    0.619    0.616    0.591
 17   0.060351    0.003    0.591    0.617    0.619    0.616    0.591
 18   0.060351    0.003    0.591    0.617    0.619    0.616    0.591
 19   0.061789    2.001    0.579    0.720    0.700    0.721    0.579
 20   0.061789    2.001    0.579    0.720    0.700    0.721    0.579

Top 20 fastest decaying modes:
  #       Rate     Freq  Q0(sac)       Q1       Q2       Q3       Q4
  1   0.319900    0.000    1.000    1.000    1.000    1.000    1.000
  2   0.319900    0.000    1.000    1.000    1.000    1.000    1.000
  3   0.319900    0.000    1.000    1.000    1.000    1.000    1.000
  4   0.319900    0.000    1.000    1.000    1.000    1.000    1.000
  5   0.319900    0.000    1.000    1.000    1.000    1.000    1.000
  6   0.319900    0.000    1.000    1.000    1.000    1.000    1.000
  7   0.297050    7.236    0.981    0.869    0.800    0.869    0.981
  8   0.297050    7.236    0.981    0.869    0.800    0.869    0.981
  9   0.297050    7.236    0.981    0.869    0.800    0.869    0.981
 10   0.297050    7.236    0.981    0.869    0.800    0.869    0.981
 11   0.273243    0.000    0.954    0.757    0.701    0.757    0.954
 12   0.273243    0.000    0.954    0.757    0.701    0.757    0.954
 13   0.270847    0.000    0.938    0.870    0.827    0.871    0.938
 14   0.270847    0.000    0.935    0.861    0.814    0.861    0.935
 15   0.270252    5.234    0.931    0.819    1.000    0.819    0.931
 16   0.270252    5.234    0.931    0.819    1.000    0.819    0.931
 17   0.270252    5.234    0.931    0.819    1.000    0.819    0.931
 18   0.270252    5.234    0.931    0.819    1.000    0.819    0.931
 19   0.267089    0.000    0.935    0.819    0.751    0.819    0.934
 20   0.267089    0.000    0.935    0.819    0.751    0.819    0.934

Correlation: weight_on_Q0 vs decay_rate
  Pearson  r = 0.9937 (p = 0.00e+00)
  Spearman r = 0.9847 (p = 0.00e+00)

The ~7.236J modes (freq ~ 7.236, rate < 0.1):
  #       Rate     Freq  Q0(sac)       Q1       Q2       Q3       Q4
  1   0.022850    7.236    0.519    0.631    0.700    0.631    0.519
  2   0.022850    7.236    0.519    0.631    0.700    0.631    0.519
  3   0.022850    7.236    0.519    0.631    0.700    0.631    0.519
  4   0.022850    7.236    0.519    0.631    0.700    0.631    0.519
  5   0.077065    7.229    0.610    0.678    0.720    0.679    0.613
  6   0.077065    7.229    0.610    0.678    0.720    0.679    0.613
  7   0.077065    7.229    0.610    0.678    0.720    0.679    0.613
  8   0.077065    7.229    0.610    0.678    0.720    0.679    0.613

Mean qubit profile (slowest quartile, 254 modes):
  [0.674, 0.710, 0.713, 0.710, 0.675]
Mean qubit profile (fastest quartile, 254 modes):
  [0.831, 0.796, 0.794, 0.795, 0.830]

======================================================================
PROFILE: UNIFORM
======================================================================
Gammas: [0.0320, 0.0320, 0.0320, 0.0320, 0.0320]
Total modes: 1024
Oscillating: 1018

Computing qubit weights for 1018 oscillating modes...

Top 20 slowest oscillating modes:
  #       Rate     Freq  Q0(sac)       Q1       Q2       Q3       Q4
  1   0.063980    7.236    0.519    0.631    0.700    0.631    0.519
  2   0.063980    7.236    0.519    0.631    0.700    0.631    0.519
  3   0.063980    2.764    0.631    0.519    0.700    0.519    0.631
  4   0.063980    7.236    0.519    0.631    0.700    0.631    0.519
  5   0.063980    0.764    0.681    0.569    0.500    0.569    0.681
  6   0.063980    0.000    0.598    0.598    0.598    0.598    0.598
  7   0.063980    5.236    0.569    0.681    0.500    0.681    0.569
  8   0.063980    2.764    0.631    0.519    0.700    0.519    0.631
  9   0.063980    0.000    0.602    0.602    0.602    0.602    0.602
 10   0.063980    0.000    0.485    0.485    0.485    0.485    0.485
 11   0.063980    0.000    0.574    0.574    0.574    0.574    0.574
 12   0.063980    5.236    0.569    0.681    0.500    0.681    0.569
 13   0.063980    7.236    0.519    0.631    0.700    0.631    0.519
 14   0.063980    0.000    0.622    0.622    0.622    0.622    0.622
 15   0.063980    0.000    0.626    0.626    0.626    0.626    0.626
 16   0.063980    0.000    0.608    0.608    0.608    0.608    0.608
 17   0.063980    0.000    0.549    0.549    0.549    0.549    0.549
 18   0.063980    0.764    0.681    0.569    0.500    0.569    0.681
 19   0.063980    0.000    0.648    0.648    0.648    0.648    0.648
 20   0.063980    0.764    0.681    0.569    0.500    0.569    0.681

Top 20 fastest decaying modes:
  #       Rate     Freq  Q0(sac)       Q1       Q2       Q3       Q4
  1   0.319900    0.000    1.000    1.000    1.000    1.000    1.000
  2   0.319900    0.000    1.000    1.000    1.000    1.000    1.000
  3   0.319900    0.000    1.000    1.000    1.000    1.000    1.000
  4   0.319900    0.000    1.000    1.000    1.000    1.000    1.000
  5   0.319900    0.000    1.000    1.000    1.000    1.000    1.000
  6   0.319900    0.000    1.000    1.000    1.000    1.000    1.000
  7   0.255920    7.236    0.981    0.869    0.800    0.869    0.981
  8   0.255920    7.236    0.981    0.869    0.800    0.869    0.981
  9   0.255920    0.000    0.903    0.903    0.903    0.903    0.903
 10   0.255920    0.000    0.877    0.877    0.877    0.877    0.877
 11   0.255920    2.764    0.869    0.981    0.800    0.981    0.869
 12   0.255920    0.000    0.897    0.897    0.897    0.897    0.897
 13   0.255920    0.764    0.819    0.931    1.000    0.931    0.819
 14   0.255920    5.236    0.931    0.819    1.000    0.819    0.931
 15   0.255920    0.000    0.887    0.887    0.887    0.887    0.887
 16   0.255920    5.236    0.931    0.819    1.000    0.819    0.931
 17   0.255920    2.764    0.869    0.981    0.800    0.981    0.869
 18   0.255920    0.000    0.900    0.900    0.900    0.900    0.900
 19   0.255920    0.000    0.967    0.967    0.967    0.967    0.967
 20   0.255920    0.000    0.912    0.912    0.912    0.912    0.912

Correlation: weight_on_Q0 vs decay_rate
  Pearson  r = 0.8634 (p = 3.65e-304)
  Spearman r = 0.7755 (p = 3.87e-205)

The ~7.236J modes (freq ~ 7.236, rate < 0.1):
  #       Rate     Freq  Q0(sac)       Q1       Q2       Q3       Q4
  1   0.063980    7.236    0.519    0.631    0.700    0.631    0.519
  2   0.063980    7.236    0.519    0.631    0.700    0.631    0.519
  3   0.063980    7.236    0.519    0.631    0.700    0.631    0.519
  4   0.063980    7.236    0.519    0.631    0.700    0.631    0.519

Mean qubit profile (slowest quartile, 254 modes):
  [0.690, 0.687, 0.689, 0.687, 0.690]
Mean qubit profile (fastest quartile, 254 modes):
  [0.815, 0.818, 0.815, 0.818, 0.815]

======================================================================
PROFILE: ZERO NOISE (cavity modes)
======================================================================
Gammas: [0.0000, 0.0000, 0.0000, 0.0000, 0.0000]
Total modes: 1024
Oscillating: 904

Computing qubit weights for 904 oscillating modes...

Top 20 slowest oscillating modes:
  #       Rate     Freq  Q0(sac)       Q1       Q2       Q3       Q4
  1  -0.000000   10.066    0.763    0.761    0.620    0.761    0.763
  2  -0.000000   10.948    0.715    0.803    0.609    0.803    0.715
  3  -0.000000    8.064    0.753    0.795    0.713    0.795    0.753
  4  -0.000000   11.712    0.725    0.764    0.723    0.764    0.725
  5  -0.000000    7.183    0.747    0.771    0.673    0.771    0.747
  6  -0.000000   11.712    0.724    0.765    0.722    0.765    0.724
  7  -0.000000   10.066    0.737    0.739    0.880    0.739    0.737
  8  -0.000000    4.472    0.743    0.736    0.750    0.736    0.743
  9  -0.000000    5.236    0.786    0.764    0.800    0.764    0.786
 10  -0.000000   11.712    0.797    0.723    0.802    0.723    0.797
 11  -0.000000   10.066    0.737    0.739    0.880    0.739    0.737
 12  -0.000000   11.712    0.761    0.743    0.763    0.743    0.761
 13  -0.000000    4.998    0.751    0.761    0.775    0.761    0.751
 14  -0.000000    3.591    0.756    0.747    0.680    0.747    0.756
 15  -0.000000    6.475    0.781    0.743    0.798    0.743    0.781
 16  -0.000000    8.948    0.730    0.773    0.741    0.773    0.730
 17  -0.000000    6.064    0.746    0.702    0.756    0.702    0.746
 18  -0.000000    4.064    0.745    0.750    0.751    0.750    0.745
 19  -0.000000    3.879    0.746    0.799    0.754    0.799    0.746
 20  -0.000000    5.879    0.751    0.735    0.742    0.735    0.751

Top 20 fastest decaying modes:
  #       Rate     Freq  Q0(sac)       Q1       Q2       Q3       Q4
  1   0.000000   10.948    0.762    0.732    0.797    0.732    0.762
  2   0.000000    8.828    0.745    0.722    0.767    0.722    0.745
  3   0.000000    7.236    0.740    0.745    0.748    0.745    0.740
  4   0.000000    6.475    0.769    0.746    0.778    0.746    0.769
  5   0.000000    8.064    0.751    0.770    0.734    0.770    0.751
  6   0.000000   11.712    0.622    0.824    0.609    0.824    0.622
  7   0.000000    6.643    0.733    0.860    0.791    0.860    0.733
  8   0.000000    6.472    0.769    0.776    0.765    0.776    0.769
  9   0.000000   11.712    0.824    0.707    0.832    0.707    0.824
 10   0.000000    5.236    0.744    0.748    0.742    0.748    0.744
 11   0.000000    3.591    0.744    0.753    0.825    0.753    0.744
 12   0.000000    4.998    0.750    0.751    0.753    0.751    0.750
 13   0.000000    6.472    0.727    0.719    0.732    0.719    0.727
 14   0.000000    6.643    0.755    0.719    0.739    0.719    0.755
 15   0.000000    4.475    0.737    0.754    0.747    0.754    0.737
 16   0.000000    8.064    0.757    0.852    0.668    0.852    0.757
 17   0.000000    3.592    0.760    0.773    0.701    0.773    0.760
 18   0.000000    7.236    0.710    0.729    0.741    0.729    0.710
 19   0.000000   10.948    0.764    0.729    0.805    0.729    0.764
 20   0.000000   10.066    0.763    0.761    0.620    0.761    0.763

Correlation: weight_on_Q0 vs decay_rate
  Pearson  r = 0.0169 (p = 6.11e-01)
  Spearman r = 0.0200 (p = 5.48e-01)

The ~7.236J modes (freq ~ 7.236, rate < 0.1):
  #       Rate     Freq  Q0(sac)       Q1       Q2       Q3       Q4
  1  -0.000000    7.183    0.747    0.771    0.673    0.771    0.747
  2  -0.000000    7.236    0.779    0.765    0.756    0.765    0.779
  3  -0.000000    7.236    0.786    0.769    0.758    0.769    0.786
  4  -0.000000    7.236    0.806    0.779    0.762    0.779    0.806
  5  -0.000000    7.236    0.735    0.742    0.747    0.742    0.735
  6  -0.000000    7.236    0.838    0.795    0.769    0.795    0.838
  7  -0.000000    7.183    0.753    0.729    0.827    0.729    0.753
  8  -0.000000    7.236    0.779    0.765    0.756    0.765    0.779
  9  -0.000000    7.236    0.831    0.792    0.767    0.792    0.831
 10  -0.000000    7.183    0.753    0.729    0.827    0.729    0.753
 11  -0.000000    7.183    0.747    0.771    0.673    0.771    0.747
 12  -0.000000    7.236    0.653    0.700    0.729    0.700    0.653
 13  -0.000000    7.236    0.779    0.765    0.756    0.765    0.779
 14  -0.000000    7.236    0.735    0.742    0.747    0.742    0.735
 15  -0.000000    7.236    0.759    0.755    0.752    0.755    0.759
 16  -0.000000    7.236    0.810    0.781    0.763    0.781    0.810
 17  -0.000000    7.236    0.906    0.831    0.784    0.831    0.906
 18  -0.000000    7.236    0.830    0.791    0.767    0.791    0.830
 19  -0.000000    7.236    0.729    0.739    0.745    0.739    0.729
 20  -0.000000    7.183    0.747    0.771    0.673    0.771    0.747
 21  -0.000000    7.236    0.845    0.799    0.771    0.799    0.845
 22  -0.000000    7.236    0.800    0.776    0.761    0.776    0.800
 23  -0.000000    7.236    0.734    0.742    0.746    0.742    0.734
 24  -0.000000    7.236    0.768    0.759    0.754    0.759    0.768
 25  -0.000000    7.236    0.742    0.746    0.748    0.746    0.742
 26  -0.000000    7.236    0.981    0.869    0.800    0.869    0.981
 27  -0.000000    7.236    0.746    0.748    0.749    0.748    0.746
 28  -0.000000    7.236    0.714    0.731    0.742    0.731    0.714
 29  -0.000000    7.236    0.723    0.736    0.744    0.736    0.723
 30   0.000000    7.236    0.721    0.735    0.744    0.735    0.721
 31   0.000000    7.236    0.667    0.707    0.732    0.707    0.667
 32   0.000000    7.236    0.623    0.685    0.723    0.685    0.623
 33   0.000000    7.236    0.811    0.781    0.763    0.781    0.811
 34   0.000000    7.236    0.673    0.710    0.733    0.710    0.673
 35   0.000000    7.236    0.690    0.719    0.737    0.719    0.690
 36   0.000000    7.183    0.749    0.757    0.724    0.757    0.749
 37   0.000000    7.236    0.624    0.685    0.723    0.685    0.624
 38   0.000000    7.236    0.547    0.645    0.706    0.645    0.547
 39   0.000000    7.236    0.827    0.790    0.767    0.790    0.827
 40   0.000000    7.236    0.713    0.731    0.742    0.731    0.713
 41   0.000000    7.236    0.673    0.711    0.733    0.711    0.673
 42   0.000000    7.236    0.774    0.762    0.755    0.762    0.774
 43   0.000000    7.236    0.840    0.797    0.770    0.797    0.840
 44   0.000000    7.236    0.763    0.756    0.753    0.756    0.763
 45   0.000000    7.236    0.661    0.704    0.731    0.704    0.661
 46   0.000000    7.236    0.765    0.758    0.753    0.758    0.765
 47   0.000000    7.236    0.519    0.631    0.700    0.631    0.519
 48   0.000000    7.236    0.815    0.783    0.764    0.783    0.815
 49   0.000000    7.183    0.751    0.743    0.776    0.743    0.751
 50   0.000000    7.236    0.781    0.766    0.757    0.766    0.781
 51   0.000000    7.236    0.764    0.757    0.753    0.757    0.764
 52   0.000000    7.236    0.869    0.811    0.776    0.811    0.869
 53   0.000000    7.183    0.753    0.729    0.827    0.729    0.753
 54   0.000000    7.236    0.701    0.725    0.739    0.725    0.701
 55   0.000000    7.236    0.710    0.729    0.741    0.729    0.710
 56   0.000000    7.236    0.740    0.745    0.748    0.745    0.740

Mean qubit profile (slowest quartile, 226 modes):
  [0.750, 0.750, 0.746, 0.750, 0.750]
Mean qubit profile (fastest quartile, 226 modes):
  [0.748, 0.749, 0.750, 0.749, 0.748]

======================================================================
CROSS-PROFILE COMPARISON: 7.236J modes
======================================================================

IBM SACRIFICE ZONE: 56 modes near 7.236J
  Mean qubit profile (4 slowest): [0.519, 0.631, 0.700, 0.631, 0.519]
  Weight on Q0 (sacrifice): 0.519
  Weight on interior (Q1-Q4): 2.481

UNIFORM: 56 modes near 7.236J
  Mean qubit profile (4 slowest): [0.519, 0.631, 0.700, 0.631, 0.519]
  Weight on Q0 (sacrifice): 0.519
  Weight on interior (Q1-Q4): 2.481

ZERO NOISE (cavity modes): 56 modes near 7.236J
  Mean qubit profile (4 slowest): [0.780, 0.771, 0.737, 0.771, 0.780]
  Weight on Q0 (sacrifice): 0.780
  Weight on interior (Q1-Q4): 3.059

======================================================================
SUMMARY
======================================================================

IBM Sacrifice: Correlation(weight_Q0, rate) = 0.9937 (p=0.00e+00)
CONFIRMED: Modes with more weight on Q0 (sacrifice) decay faster.
The sacrifice zone protects modes localized on interior qubits.

=== DONE ===