=== TIME EVOLUTION: 6 SCENARIOS ===
N=5 Chain, J=1.0, |+>^5 initial state


--- 1 Mean-T2, No DD ---
gammas: [0.0047, 0.0071, 0.0045, 0.0036, 0.0042]
sum(gamma): 0.0242

    t   Purity    SumMI   MI_01   MI_12   MI_23   MI_34  CPsi01  CPsi12
  0.0   1.0000   0.0000  0.0000  0.0000  0.0000  0.0000  1.0000  1.0000
  0.5   0.9762   0.0001  0.0000  0.0001  0.0000  0.0000  0.9815  0.9822
  1.0   0.9530   0.0002  0.0000  0.0001  0.0001  0.0000  0.9652  0.9667
  1.5   0.9305   0.0003  0.0000  0.0001  0.0001  0.0001  0.9505  0.9517
  2.0   0.9087   0.0002  0.0000  0.0001  0.0001  0.0001  0.9365  0.9379
  2.5   0.8875   0.0002  0.0000  0.0000  0.0000  0.0001  0.9218  0.9228
  3.0   0.8668   0.0001  0.0000  0.0000  0.0000  0.0000  0.9066  0.9075
  3.5   0.8468   0.0001  0.0000  0.0000  0.0000  0.0000  0.8921  0.8930
  4.0   0.8273   0.0001  0.0000  0.0001  0.0000  0.0000  0.8789  0.8789
  4.5   0.8083   0.0001  0.0000  0.0001  0.0000  0.0000  0.8670  0.8665
  5.0   0.7899   0.0001  0.0000  0.0000  0.0000  0.0000  0.8549  0.8534

--- 2 Mean-T2, Uniform DD ---
gammas: [0.0024, 0.0035, 0.0023, 0.0018, 0.0021]
sum(gamma): 0.0121

    t   Purity    SumMI   MI_01   MI_12   MI_23   MI_34  CPsi01  CPsi12
  0.0   1.0000   0.0000  0.0000  0.0000  0.0000  0.0000  1.0000  1.0000
  0.5   0.9880   0.0001  0.0000  0.0000  0.0000  0.0000  0.9907  0.9910
  1.0   0.9762   0.0001  0.0000  0.0000  0.0000  0.0000  0.9824  0.9832
  1.5   0.9645   0.0001  0.0000  0.0001  0.0001  0.0000  0.9749  0.9755
  2.0   0.9530   0.0001  0.0000  0.0000  0.0000  0.0000  0.9676  0.9684
  2.5   0.9417   0.0001  0.0000  0.0000  0.0000  0.0000  0.9600  0.9605
  3.0   0.9305   0.0000  0.0000  0.0000  0.0000  0.0000  0.9519  0.9524
  3.5   0.9195   0.0000  0.0000  0.0000  0.0000  0.0000  0.9442  0.9447
  4.0   0.9087   0.0001  0.0000  0.0000  0.0000  0.0000  0.9371  0.9371
  4.5   0.8980   0.0001  0.0000  0.0000  0.0000  0.0000  0.9306  0.9304
  5.0   0.8874   0.0000  0.0000  0.0000  0.0000  0.0000  0.9241  0.9232

--- 3 Mean-T2, Selective DD ---
gammas: [0.0047, 0.0035, 0.0023, 0.0018, 0.0042]
sum(gamma): 0.0166

    t   Purity    SumMI   MI_01   MI_12   MI_23   MI_34  CPsi01  CPsi12
  0.0   1.0000   0.0000  0.0000  0.0000  0.0000  0.0000  1.0000  1.0000
  0.5   0.9836   0.0002  0.0000  0.0001  0.0000  0.0001  0.9869  0.9899
  1.0   0.9675   0.0003  0.0001  0.0001  0.0000  0.0001  0.9761  0.9782
  1.5   0.9518   0.0003  0.0001  0.0002  0.0001  0.0000  0.9658  0.9680
  2.0   0.9364   0.0003  0.0001  0.0001  0.0001  0.0000  0.9558  0.9588
  2.5   0.9212   0.0003  0.0002  0.0001  0.0000  0.0000  0.9450  0.9492
  3.0   0.9064   0.0003  0.0001  0.0001  0.0000  0.0000  0.9339  0.9401
  3.5   0.8918   0.0004  0.0001  0.0001  0.0001  0.0001  0.9240  0.9290
  4.0   0.8775   0.0005  0.0001  0.0001  0.0002  0.0001  0.9147  0.9185
  4.5   0.8635   0.0004  0.0001  0.0001  0.0002  0.0001  0.9054  0.9113
  5.0   0.8498   0.0005  0.0001  0.0001  0.0001  0.0001  0.8962  0.9025

--- 4 Sacrifice, No DD ---
gammas: [0.1340, 0.0081, 0.0051, 0.0074, 0.0053]
sum(gamma): 0.1599

    t   Purity    SumMI   MI_01   MI_12   MI_23   MI_34  CPsi01  CPsi12
  0.0   1.0000   0.0000  0.0000  0.0000  0.0000  0.0000  1.0000  1.0000
  0.5   0.8590   0.0251  0.0206  0.0043  0.0001  0.0000  0.8039  0.9301
  1.0   0.7446   0.0679  0.0302  0.0246  0.0107  0.0024  0.7108  0.8060
  1.5   0.6483   0.0940  0.0338  0.0250  0.0184  0.0167  0.6666  0.7446
  2.0   0.5662   0.0712  0.0334  0.0242  0.0088  0.0048  0.6220  0.6828
  2.5   0.4966   0.0438  0.0229  0.0156  0.0036  0.0017  0.5625  0.6393
  3.0   0.4392   0.0357  0.0137  0.0155  0.0040  0.0026  0.5024  0.6091
  3.5   0.3910   0.0459  0.0148  0.0165  0.0098  0.0048  0.4697  0.5532
  4.0   0.3490   0.0536  0.0130  0.0130  0.0190  0.0086  0.4559  0.5177
  4.5   0.3121   0.0517  0.0113  0.0129  0.0191  0.0084  0.4398  0.4988
  5.0   0.2798   0.0452  0.0107  0.0125  0.0116  0.0104  0.4240  0.4770

--- 5 Sacrifice, Uniform DD ---
gammas: [0.0957, 0.0041, 0.0021, 0.0029, 0.0021]
sum(gamma): 0.1069

    t   Purity    SumMI   MI_01   MI_12   MI_23   MI_34  CPsi01  CPsi12
  0.0   1.0000   0.0000  0.0000  0.0000  0.0000  0.0000  1.0000  1.0000
  0.5   0.9022   0.0202  0.0162  0.0039  0.0001  0.0000  0.8565  0.9540
  1.0   0.8176   0.0576  0.0244  0.0208  0.0099  0.0024  0.7854  0.8627
  1.5   0.7424   0.0818  0.0283  0.0216  0.0168  0.0152  0.7526  0.8178
  2.0   0.6749   0.0623  0.0287  0.0212  0.0080  0.0044  0.7187  0.7707
  2.5   0.6147   0.0384  0.0201  0.0139  0.0031  0.0014  0.6691  0.7376
  3.0   0.5623   0.0315  0.0120  0.0140  0.0033  0.0021  0.6155  0.7154
  3.5   0.5160   0.0417  0.0134  0.0152  0.0091  0.0040  0.5861  0.6675
  4.0   0.4740   0.0504  0.0121  0.0121  0.0184  0.0079  0.5759  0.6379
  4.5   0.4359   0.0495  0.0105  0.0122  0.0187  0.0080  0.5633  0.6248
  5.0   0.4012   0.0439  0.0101  0.0121  0.0111  0.0106  0.5511  0.6074

--- 6 Sacrifice, Selective DD ---
gammas: [0.1340, 0.0041, 0.0021, 0.0029, 0.0021]
sum(gamma): 0.1452

    t   Purity    SumMI   MI_01   MI_12   MI_23   MI_34  CPsi01  CPsi12
  0.0   1.0000   0.0000  0.0000  0.0000  0.0000  0.0000  1.0000  1.0000
  0.5   0.8716   0.0294  0.0235  0.0058  0.0002  0.0000  0.8092  0.9401
  1.0   0.7661   0.0829  0.0344  0.0299  0.0148  0.0038  0.7218  0.8214
  1.5   0.6757   0.1164  0.0396  0.0306  0.0241  0.0220  0.6838  0.7663
  2.0   0.5974   0.0870  0.0400  0.0298  0.0113  0.0059  0.6443  0.7092
  2.5   0.5299   0.0535  0.0275  0.0194  0.0044  0.0022  0.5868  0.6703
  3.0   0.4736   0.0441  0.0164  0.0194  0.0050  0.0032  0.5273  0.6452
  3.5   0.4259   0.0572  0.0180  0.0207  0.0126  0.0060  0.4969  0.5905
  4.0   0.3836   0.0677  0.0160  0.0164  0.0245  0.0108  0.4872  0.5575
  4.5   0.3459   0.0661  0.0141  0.0165  0.0250  0.0105  0.4747  0.5427
  5.0   0.3124   0.0580  0.0135  0.0162  0.0150  0.0132  0.4620  0.5237

======================================================================
COMPARISON AT t=2.5 us (midpoint)
======================================================================

                      Scenario    SumMI   Purity  vs Scen1
              1 Mean-T2, No DD   0.0002   0.8875      1.00x
         2 Mean-T2, Uniform DD   0.0001   0.9417      0.51x
       3 Mean-T2, Selective DD   0.0003   0.9212      1.97x
            4 Sacrifice, No DD   0.0438   0.4966    280.53x
       5 Sacrifice, Uniform DD   0.0384   0.6147    246.26x
     6 Sacrifice, Selective DD   0.0535   0.5299    342.59x

======================================================================
SumMI EVOLUTION (all scenarios)
======================================================================
    t       1 T2       2 T2       3 T2      4 Sac      5 Sac      6 Sac
  0.0     0.0000     0.0000     0.0000     0.0000     0.0000     0.0000
  0.5     0.0001     0.0001     0.0002     0.0251     0.0202     0.0294
  1.0     0.0002     0.0001     0.0003     0.0679     0.0576     0.0829
  1.5     0.0003     0.0001     0.0003     0.0940     0.0818     0.1164
  2.0     0.0002     0.0001     0.0003     0.0712     0.0623     0.0870
  2.5     0.0002     0.0001     0.0003     0.0438     0.0384     0.0535
  3.0     0.0001     0.0000     0.0003     0.0357     0.0315     0.0441
  3.5     0.0001     0.0000     0.0004     0.0459     0.0417     0.0572
  4.0     0.0001     0.0001     0.0005     0.0536     0.0504     0.0677
  4.5     0.0001     0.0001     0.0004     0.0517     0.0495     0.0661
  5.0     0.0001     0.0000     0.0005     0.0452     0.0439     0.0580

=== DONE ===