=== TIME EVOLUTION: NEEL STATE |01010> ===
N=5 Chain, J=1.0

|01010> index: 10 (binary: 01010)
|10101> index: 21 (binary: 10101)

======================================================================
VALIDATION: gamma=0, |01010>
======================================================================
  t=0.5, gamma=0:
  Purity: 1.000000 (must be 1.0 for unitary)
  SumMI:  1.350181 (must be > 0 for Neel)
  VALIDATION PASSED: Purity=1.000000, SumMI=1.350181

--- gamma=0 reference (|01010>) ---

--- gamma=0 (unitary) ---
gammas: [0.0000, 0.0000, 0.0000, 0.0000, 0.0000], sum=0.0000
    t   Purity    SumMI   MI_01   MI_12   MI_23   MI_34
  0.0   1.0000   0.0000  0.0000  0.0000  0.0000  0.0000
  0.5   1.0000   1.3502  0.3220  0.3531  0.3531  0.3220
  1.0   1.0000   1.4578  0.3803  0.3486  0.3486  0.3803
  1.5   1.0000   0.8587  0.2802  0.1491  0.1491  0.2802
  2.0   1.0000   1.4720  0.1875  0.5485  0.5485  0.1875
  2.5   1.0000   1.8281  0.3095  0.6045  0.6045  0.3095
  3.0   1.0000   1.7096  0.6220  0.2328  0.2328  0.6220
  3.5   1.0000   1.6017  0.2187  0.5821  0.5821  0.2187
  4.0   1.0000   1.9308  0.5839  0.3815  0.3815  0.5839
  4.5   1.0000   2.5229  0.6505  0.6109  0.6109  0.6505
  5.0   1.0000   1.5713  0.1407  0.6449  0.6449  0.1407

======================================================================
6 SCENARIOS with |01010>
======================================================================

--- 1 Mean-T2, No DD ---
gammas: [0.0047, 0.0071, 0.0045, 0.0036, 0.0042], sum=0.0242
    t   Purity    SumMI   MI_01   MI_12   MI_23   MI_34
  0.0   1.0000   0.0000  0.0000  0.0000  0.0000  0.0000
  0.5   0.9846   1.3396  0.3212  0.3476  0.3490  0.3218
  1.0   0.9628   1.4292  0.3727  0.3411  0.3419  0.3736
  1.5   0.9449   0.8602  0.2770  0.1536  0.1529  0.2766
  2.0   0.9261   1.3885  0.1850  0.5100  0.5083  0.1851
  2.5   0.9072   1.6500  0.2885  0.5358  0.5357  0.2900
  3.0   0.8935   1.5947  0.5763  0.2192  0.2193  0.5799
  3.5   0.8737   1.4532  0.2130  0.5136  0.5129  0.2135
  4.0   0.8545   1.7029  0.5164  0.3374  0.3345  0.5146
  4.5   0.8437   2.1574  0.5713  0.5076  0.5072  0.5713
  5.0   0.8267   1.3262  0.1188  0.5452  0.5432  0.1189

--- 2 Mean-T2, Uniform DD ---
gammas: [0.0024, 0.0035, 0.0023, 0.0018, 0.0021], sum=0.0121
    t   Purity    SumMI   MI_01   MI_12   MI_23   MI_34
  0.0   1.0000   0.0000  0.0000  0.0000  0.0000  0.0000
  0.5   0.9923   1.3449  0.3216  0.3503  0.3510  0.3219
  1.0   0.9812   1.4434  0.3765  0.3448  0.3452  0.3769
  1.5   0.9720   0.8596  0.2786  0.1514  0.1511  0.2784
  2.0   0.9622   1.4291  0.1863  0.5287  0.5278  0.1863
  2.5   0.9523   1.7327  0.2984  0.5675  0.5674  0.2993
  3.0   0.9450   1.6506  0.5985  0.2258  0.2259  0.6004
  3.5   0.9344   1.5238  0.2159  0.5461  0.5457  0.2162
  4.0   0.9240   1.8110  0.5485  0.3583  0.3567  0.5475
  4.5   0.9180   2.3266  0.6085  0.5548  0.5547  0.6085
  5.0   0.9086   1.4388  0.1285  0.5914  0.5903  0.1285

--- 3 Mean-T2, Selective DD ---
gammas: [0.0047, 0.0035, 0.0023, 0.0018, 0.0042], sum=0.0166
    t   Purity    SumMI   MI_01   MI_12   MI_23   MI_34
  0.0   1.0000   0.0000  0.0000  0.0000  0.0000  0.0000
  0.5   0.9897   1.3438  0.3212  0.3501  0.3509  0.3216
  1.0   0.9744   1.4398  0.3756  0.3438  0.3442  0.3761
  1.5   0.9623   0.8593  0.2780  0.1519  0.1517  0.2777
  2.0   0.9490   1.4177  0.1857  0.5235  0.5228  0.1857
  2.5   0.9353   1.7061  0.2954  0.5571  0.5571  0.2964
  3.0   0.9257   1.6324  0.5901  0.2252  0.2252  0.5920
  3.5   0.9115   1.5033  0.2150  0.5366  0.5364  0.2153
  4.0   0.8976   1.7779  0.5372  0.3530  0.3515  0.5362
  4.5   0.8899   2.2691  0.5954  0.5392  0.5391  0.5954
  5.0   0.8773   1.4071  0.1258  0.5783  0.5770  0.1259

--- 4 Sacrifice, No DD ---
gammas: [0.1340, 0.0081, 0.0051, 0.0074, 0.0053], sum=0.1599
    t   Purity    SumMI   MI_01   MI_12   MI_23   MI_34
  0.0   1.0000   0.0000  0.0000  0.0000  0.0000  0.0000
  0.5   0.9138   1.3093  0.3013  0.3302  0.3550  0.3229
  1.0   0.7907   1.3307  0.3382  0.3290  0.3010  0.3625
  1.5   0.7117   0.8473  0.2693  0.1482  0.1859  0.2439
  2.0   0.6296   1.1314  0.1689  0.3794  0.4117  0.1714
  2.5   0.5558   1.1827  0.2301  0.3626  0.3507  0.2392
  3.0   0.5116   1.1933  0.3862  0.2130  0.1958  0.3983
  3.5   0.4525   1.0512  0.1935  0.3145  0.3520  0.1912
  4.0   0.4034   1.0982  0.3072  0.2377  0.2432  0.3102
  4.5   0.3792   1.2337  0.3385  0.2750  0.2881  0.3321
  5.0   0.3444   0.8316  0.0908  0.3238  0.3129  0.1041

--- 5 Sacrifice, Uniform DD ---
gammas: [0.0957, 0.0041, 0.0021, 0.0029, 0.0021], sum=0.1069
    t   Purity    SumMI   MI_01   MI_12   MI_23   MI_34
  0.0   1.0000   0.0000  0.0000  0.0000  0.0000  0.0000
  0.5   0.9413   1.3236  0.3066  0.3376  0.3565  0.3229
  1.0   0.8526   1.3727  0.3514  0.3366  0.3151  0.3696
  1.5   0.7935   0.8531  0.2746  0.1475  0.1771  0.2539
  2.0   0.7286   1.2283  0.1737  0.4256  0.4525  0.1766
  2.5   0.6672   1.3340  0.2481  0.4159  0.4122  0.2578
  3.0   0.6294   1.3337  0.4467  0.2213  0.2089  0.4568
  3.5   0.5756   1.1918  0.2014  0.3780  0.4121  0.2002
  4.0   0.5286   1.2960  0.3719  0.2725  0.2792  0.3725
  4.5   0.5053   1.5073  0.4104  0.3423  0.3521  0.4026
  5.0   0.4687   0.9893  0.0946  0.4017  0.3848  0.1081

--- 6 Sacrifice, Selective DD ---
gammas: [0.1340, 0.0041, 0.0021, 0.0029, 0.0021], sum=0.1452
    t   Purity    SumMI   MI_01   MI_12   MI_23   MI_34
  0.0   1.0000   0.0000  0.0000  0.0000  0.0000  0.0000
  0.5   0.9226   1.3163  0.3010  0.3330  0.3588  0.3234
  1.0   0.8087   1.3478  0.3421  0.3338  0.3045  0.3675
  1.5   0.7359   0.8495  0.2721  0.1462  0.1860  0.2451
  2.0   0.6581   1.1673  0.1700  0.3949  0.4296  0.1729
  2.5   0.5869   1.2326  0.2360  0.3801  0.3700  0.2465
  3.0   0.5443   1.2389  0.4005  0.2213  0.2030  0.4141
  3.5   0.4860   1.1018  0.1977  0.3335  0.3754  0.1952
  4.0   0.4370   1.1655  0.3256  0.2522  0.2591  0.3285
  4.5   0.4128   1.3173  0.3588  0.2964  0.3107  0.3514
  5.0   0.3774   0.8895  0.0922  0.3519  0.3378  0.1076

======================================================================
ASYMMETRY CHECK: |10101> vs |01010> (Scenario 4 and 6)
======================================================================

--- 4 Sacrifice, No DD [|10101>] ---
gammas: [0.1340, 0.0081, 0.0051, 0.0074, 0.0053], sum=0.1599
    t   Purity    SumMI   MI_01   MI_12   MI_23   MI_34
  0.0   1.0000   0.0000  0.0000  0.0000  0.0000  0.0000
  0.5   0.9138   1.3093  0.3013  0.3302  0.3550  0.3229
  1.0   0.7907   1.3307  0.3382  0.3290  0.3010  0.3625
  1.5   0.7117   0.8473  0.2693  0.1482  0.1859  0.2439
  2.0   0.6296   1.1314  0.1689  0.3794  0.4117  0.1714
  2.5   0.5558   1.1827  0.2301  0.3626  0.3507  0.2392
  3.0   0.5116   1.1933  0.3862  0.2130  0.1958  0.3983
  3.5   0.4525   1.0512  0.1935  0.3145  0.3520  0.1912
  4.0   0.4034   1.0982  0.3072  0.2377  0.2432  0.3102
  4.5   0.3792   1.2337  0.3385  0.2750  0.2881  0.3321
  5.0   0.3444   0.8316  0.0908  0.3238  0.3129  0.1041

  |01010> vs |10101> SumMI difference:
  t=0.0: 0.0000 vs 0.0000 (diff=+0.0000)
  t=0.5: 1.3093 vs 1.3093 (diff=-0.0000)
  t=1.0: 1.3307 vs 1.3307 (diff=-0.0000)
  t=1.5: 0.8473 vs 0.8473 (diff=-0.0000)
  t=2.0: 1.1314 vs 1.1314 (diff=-0.0000)
  t=2.5: 1.1827 vs 1.1827 (diff=+0.0000)
  t=3.0: 1.1933 vs 1.1933 (diff=-0.0000)
  t=3.5: 1.0512 vs 1.0512 (diff=-0.0000)
  t=4.0: 1.0982 vs 1.0982 (diff=-0.0000)
  t=4.5: 1.2337 vs 1.2337 (diff=+0.0000)
  t=5.0: 0.8316 vs 0.8316 (diff=+0.0000)

--- 6 Sacrifice, Selective DD [|10101>] ---
gammas: [0.1340, 0.0041, 0.0021, 0.0029, 0.0021], sum=0.1452
    t   Purity    SumMI   MI_01   MI_12   MI_23   MI_34
  0.0   1.0000   0.0000  0.0000  0.0000  0.0000  0.0000
  0.5   0.9226   1.3163  0.3010  0.3330  0.3588  0.3234
  1.0   0.8087   1.3478  0.3421  0.3338  0.3045  0.3675
  1.5   0.7359   0.8495  0.2721  0.1462  0.1860  0.2451
  2.0   0.6581   1.1673  0.1700  0.3949  0.4296  0.1729
  2.5   0.5869   1.2326  0.2360  0.3801  0.3700  0.2465
  3.0   0.5443   1.2389  0.4005  0.2213  0.2030  0.4141
  3.5   0.4860   1.1018  0.1977  0.3335  0.3754  0.1952
  4.0   0.4370   1.1655  0.3256  0.2522  0.2591  0.3285
  4.5   0.4128   1.3173  0.3588  0.2964  0.3107  0.3514
  5.0   0.3774   0.8895  0.0922  0.3519  0.3378  0.1076

  |01010> vs |10101> SumMI difference:
  t=0.0: 0.0000 vs 0.0000 (diff=+0.0000)
  t=0.5: 1.3163 vs 1.3163 (diff=-0.0000)
  t=1.0: 1.3478 vs 1.3478 (diff=-0.0000)
  t=1.5: 0.8495 vs 0.8495 (diff=-0.0000)
  t=2.0: 1.1673 vs 1.1673 (diff=-0.0000)
  t=2.5: 1.2326 vs 1.2326 (diff=+0.0000)
  t=3.0: 1.2389 vs 1.2389 (diff=-0.0000)
  t=3.5: 1.1018 vs 1.1018 (diff=+0.0000)
  t=4.0: 1.1655 vs 1.1655 (diff=-0.0000)
  t=4.5: 1.3173 vs 1.3173 (diff=+0.0000)
  t=5.0: 0.8895 vs 0.8895 (diff=+0.0000)

======================================================================
SumMI EVOLUTION (all scenarios, |01010>)
======================================================================
    t      g=0       1 T2       2 T2       3 T2      4 Sac      5 Sac      6 Sac
  0.0   0.0000     0.0000     0.0000     0.0000     0.0000     0.0000     0.0000
  0.5   1.3502     1.3396     1.3449     1.3438     1.3093     1.3236     1.3163
  1.0   1.4578     1.4292     1.4434     1.4398     1.3307     1.3727     1.3478
  1.5   0.8587     0.8602     0.8596     0.8593     0.8473     0.8531     0.8495
  2.0   1.4720     1.3885     1.4291     1.4177     1.1314     1.2283     1.1673
  2.5   1.8281     1.6500     1.7327     1.7061     1.1827     1.3340     1.2326
  3.0   1.7096     1.5947     1.6506     1.6324     1.1933     1.3337     1.2389
  3.5   1.6017     1.4532     1.5238     1.5033     1.0512     1.1918     1.1018
  4.0   1.9308     1.7029     1.8110     1.7779     1.0982     1.2960     1.1655
  4.5   2.5229     2.1574     2.3266     2.2691     1.2337     1.5073     1.3173
  5.0   1.5713     1.3262     1.4388     1.4071     0.8316     0.9893     0.8895

======================================================================
COMPARISON AT t=2.5 (|01010>)
======================================================================

                      Scenario    SumMI   Purity  vs Scen1
              1 Mean-T2, No DD   1.6500   0.9072      1.00x
         2 Mean-T2, Uniform DD   1.7327   0.9523      1.05x
       3 Mean-T2, Selective DD   1.7061   0.9353      1.03x
            4 Sacrifice, No DD   1.1827   0.5558      0.72x
       5 Sacrifice, Uniform DD   1.3340   0.6672      0.81x
     6 Sacrifice, Selective DD   1.2326   0.5869      0.75x

======================================================================
COMPARISON: |01010> vs |+>^5 at t=1.5 (peak)
======================================================================

                      Scenario   Neel SumMI   Plus SumMI  Neel/Plus
  (|+>^5 data from previous run)

=== DONE ===