{
  "analyzed": {
    "N11_chain_0_1_far_edge": {
      "n90": 1,
      "n95": 1,
      "n99": 3,
      "n_active": 7,
      "active_features": [
        "Phi+",
        "Phi-",
        "Psi+",
        "Psi-",
        "Pur",
        "SvN",
        "Psi"
      ],
      "var_exp": [
        0.9752043445542989,
        0.013443780382880667,
        0.0073878325786885,
        0.003630423297739126,
        0.0003114711040104488,
        2.214808238241509e-05,
        4.4379207947116484e-30
      ],
      "cum_var": [
        0.9752043445542989,
        0.9886481249371796,
        0.996035957515868,
        0.9996663808136071,
        0.9999778519176176,
        1.0,
        1.0
      ],
      "Vt": [
        [
          -0.376135534556769,
          0.37903058593860284,
          -0.3755746262619255,
          0.3766424154028181,
          -0.38030914568340524,
          0.3802583740878607,
          -0.3777705497257485
        ],
        [
          0.49920448988950705,
          -0.3360690106334051,
          -0.567297201380002,
          0.48400359190559766,
          0.16067598185574083,
          -0.19008806562580097,
          -0.14077166567272123
        ],
        [
          0.39292699439983775,
          0.09982641018783273,
          -0.2798232876782186,
          -0.18731644144951654,
          -0.4199085336702007,
          0.39726628427916505,
          0.6229854461081177
        ],
        [
          0.3134483189045016,
          0.553882125539199,
          -0.31925868590422496,
          -0.5481003846095579,
          0.1916669046734108,
          -0.17459708935446233,
          -0.35412463383891646
        ],
        [
          -0.3565194659563641,
          0.39799887428466885,
          -0.27320314868798573,
          0.2257021121436409,
          0.2008734039050479,
          -0.4908516775838648,
          0.5546385028105243
        ],
        [
          -0.061560749184063394,
          0.07108566002528245,
          -0.06997416014909577,
          0.06130415539711246,
          0.7590379958682618,
          0.6245238847472362,
          0.1278035944316757
        ],
        [
          0.4751627194128215,
          0.5130169966570497,
          0.5266441502767228,
          0.4834044788792314,
          7.271960811294775e-15,
          9.103828801926284e-15,
          -1.1379786002407855e-15
        ]
      ],
      "top_loading_name": "Pur",
      "top_loading_val": -0.38030914568340524,
      "best_proxy_name": "Pur",
      "best_proxy_corr": 0.9936503798138782,
      "pc1_pct": 97.52043445542989,
      "pc2_pct": 1.3443780382880668,
      "pc3_pct": 0.73878325786885,
      "three_pc_pct": 99.60359575158681,
      "N": 11,
      "topo": "chain",
      "pair": "0_1_far_edge",
      "pclass": "far_edge",
      "gate1_conc_std": 2.497175173073186e-22,
      "gate3_pur_range": 0.743695837274876
    },
    "N11_chain_4_5_adjacent": {
      "n90": 3,
      "n95": 4,
      "n99": 6,
      "n_active": 9,
      "active_features": [
        "Phi+",
        "Phi-",
        "Psi+",
        "Psi-",
        "Pur",
        "SvN",
        "C",
        "Psi",
        "ph03"
      ],
      "var_exp": [
        0.6568876250081035,
        0.15565386404685333,
        0.10305456194649622,
        0.060216648837119774,
        0.01410805157049645,
        0.007529859957511173,
        0.0025379244400578816,
        1.1464193361703553e-05,
        5.738496847651684e-30
      ],
      "cum_var": [
        0.6568876250081035,
        0.8125414890549568,
        0.915596051001453,
        0.9758126998385728,
        0.9899207514090692,
        0.9974506113665804,
        0.9999885358066383,
        1.0,
        1.0
      ],
      "Vt": [
        [
          0.34828597234170666,
          -0.35053828462775194,
          0.32641468379762606,
          -0.39907109007268476,
          0.40489089482608415,
          -0.3876110850807583,
          0.10082539140694194,
          0.4070158575960514,
          -0.0029755456907317353
        ],
        [
          0.010217036170015391,
          -0.33557002985109224,
          0.2354132348895814,
          0.032386273637350124,
          -0.08463318965500145,
          0.18000613071277044,
          -0.749184597904035,
          -0.01008181275137307,
          0.4794537691853092
        ],
        [
          -0.17802379755149259,
          -0.2436202996149575,
          0.34029409729969146,
          0.060436532319597405,
          -0.07690019971490955,
          0.14694425025660734,
          -0.2709026317366806,
          0.006350113972950849,
          -0.829800709083835
        ],
        [
          0.6716892148655423,
          0.01014211112356131,
          -0.571121653347379,
          -0.18162491521613686,
          -0.0551313781423393,
          0.12156618742825967,
          -0.31627853947845846,
          -0.039065546122561405,
          -0.2649285663260184
        ],
        [
          -0.25480997786482557,
          0.6521455747757452,
          -0.014972467523871782,
          -0.23047066562366153,
          0.20499177282734585,
          -0.39774604233243976,
          -0.48745994718054103,
          0.10312756736643514,
          -0.08922491585863848
        ],
        [
          -0.07631804383356873,
          -0.3131536149423855,
          -0.3342529421229938,
          0.6419406042046693,
          0.28777771383885464,
          -0.5160109923369314,
          -0.13080027441528738,
          -0.052629016640409754,
          -0.05775568383186605
        ],
        [
          0.08559585973264486,
          -0.04769437038574415,
          0.17306942444113296,
          -0.21570244151201232,
          0.33961040784414687,
          -0.08707733579684042,
          0.015286023195332217,
          -0.8892165479966232,
          -0.007784832548392806
        ],
        [
          0.09414491124012382,
          -0.0892870202812413,
          0.10122147377254508,
          -0.12439597016840764,
          -0.7614293193057402,
          -0.5907053141845566,
          0.013294882362063951,
          -0.16899358005908935,
          -0.001207910416160224
        ],
        [
          -0.5556897836299606,
          -0.4140724466384824,
          -0.4938684348388366,
          -0.525211235955541,
          -4.959921362512887e-14,
          -3.7941871866564725e-14,
          1.3183898417423734e-15,
          -1.0269562977782698e-14,
          4.822531263215524e-16
        ]
      ],
      "top_loading_name": "Psi",
      "top_loading_val": 0.4070158575960514,
      "best_proxy_name": "Psi",
      "best_proxy_corr": 0.9896420143045318,
      "pc1_pct": 65.68876250081036,
      "pc2_pct": 15.565386404685333,
      "pc3_pct": 10.305456194649622,
      "three_pc_pct": 91.5596051001453,
      "N": 11,
      "topo": "chain",
      "pair": "4_5_adjacent",
      "pclass": "adjacent",
      "gate1_conc_std": 0.0245004171596936,
      "gate3_pur_range": 0.34524748938607003
    },
    "N11_chain_5_6_center_bell": {
      "n90": 2,
      "n95": 2,
      "n99": 4,
      "n_active": 8,
      "active_features": [
        "Phi+",
        "Phi-",
        "Psi+",
        "Psi-",
        "Pur",
        "SvN",
        "C",
        "Psi"
      ],
      "var_exp": [
        0.7442646070472799,
        0.2273057354241773,
        0.01838658784702737,
        0.006891265738468453,
        0.0029213880941754097,
        0.00017814939199012746,
        5.2266456881322e-05,
        3.220050192372482e-30
      ],
      "cum_var": [
        0.7442646070472799,
        0.9715703424714572,
        0.9899569303184846,
        0.9968481960569531,
        0.9997695841511285,
        0.9999477335431186,
        0.9999999999999999,
        0.9999999999999999
      ],
      "Vt": [
        [
          -0.34704367073793774,
          0.40528590530523934,
          -0.13175881294020142,
          0.3983387174731398,
          -0.4086163313895504,
          0.4082198790264294,
          -0.2736516886864302,
          -0.3616267195666698
        ],
        [
          0.3795206265220351,
          0.004893033484611398,
          -0.6889736087881095,
          0.14682176871684946,
          -0.006764305562581174,
          0.0025955768015542835,
          0.5075314371248415,
          -0.31946554489225004
        ],
        [
          -0.375463757312946,
          0.08343825491200693,
          0.4730278633782146,
          0.021062177183240806,
          0.013451218750780713,
          -0.0023778415021307245,
          0.742874897294857,
          -0.2753476843463414
        ],
        [
          -0.037908406296677986,
          -0.4523541113880833,
          -0.008003641311417519,
          0.4614503335060255,
          -0.290211579930048,
          0.33903986367728145,
          0.24089415453720717,
          0.5689793125389349
        ],
        [
          0.014451533697356179,
          0.6381598131011584,
          -0.14258879002429362,
          -0.4058671553321517,
          -0.17425745265483664,
          0.18744585625767346,
          0.2394365094129278,
          0.5335279228163331
        ],
        [
          -0.3214306805795415,
          0.30013360539076006,
          -0.19415554378040148,
          0.517032093059652,
          0.3057258658286896,
          -0.5709338424033589,
          0.01158747228964347,
          0.28638356990368624
        ],
        [
          0.05617783727477656,
          -0.06665430860208767,
          0.04133745122606556,
          -0.08679070144155064,
          -0.7904108277586853,
          -0.5977413392317448,
          0.013014427920883682,
          -0.03076495432280637
        ],
        [
          0.6974469339502803,
          0.34980320712421004,
          0.47370754765419854,
          0.40841969823260904,
          9.492406860545088e-15,
          1.0103029524088925e-14,
          -1.27675647831893e-15,
          8.881784197001252e-16
        ]
      ],
      "top_loading_name": "Pur",
      "top_loading_val": -0.4086163313895504,
      "best_proxy_name": "Pur",
      "best_proxy_corr": 0.9970671246383149,
      "pc1_pct": 74.42646070472799,
      "pc2_pct": 22.73057354241773,
      "pc3_pct": 1.8386587847027371,
      "three_pc_pct": 98.99569303184846,
      "N": 11,
      "topo": "chain",
      "pair": "5_6_center_bell",
      "pclass": "center_bell",
      "gate1_conc_std": 0.11878777322265707,
      "gate3_pur_range": 0.743730101105549
    },
    "N11_star_0_5_center_leaf": {
      "n90": 3,
      "n95": 3,
      "n99": 5,
      "n_active": 8,
      "active_features": [
        "Phi+",
        "Phi-",
        "Psi+",
        "Psi-",
        "Pur",
        "SvN",
        "Psi",
        "ph03"
      ],
      "var_exp": [
        0.6375728911563633,
        0.18882081318538968,
        0.12775716522398853,
        0.028807260488469724,
        0.014458308501106201,
        0.002417718909157099,
        0.00016584253552548743,
        1.9441268741998649e-28
      ],
      "cum_var": [
        0.6375728911563633,
        0.826393704341753,
        0.9541508695657415,
        0.9829581300542112,
        0.9974164385553174,
        0.9998341574644745,
        1.0,
        1.0
      ],
      "Vt": [
        [
          0.37288935920210525,
          -0.30006448778781614,
          0.2825213048733838,
          -0.381323442551891,
          0.4286735195412985,
          -0.40974464054124343,
          0.4384934028199011,
          0.0419625105388416
        ],
        [
          0.31312830100735073,
          0.5875558636194791,
          -0.6051667798278777,
          -0.2822607549765798,
          0.12010090423773098,
          -0.201424752518579,
          -0.04754275510016784,
          0.2314613085140157
        ],
        [
          -0.2763128042386609,
          -0.05263279483533835,
          0.14604604405186797,
          0.10939660997733879,
          0.04583751803693388,
          -0.06955534964504521,
          0.0003813969776305,
          0.9384267620204404
        ],
        [
          0.1606658078072892,
          0.026594599480490783,
          0.22026217743204238,
          -0.6729106571021218,
          -0.3894706887350834,
          0.5444268296485857,
          0.0293820830445334,
          0.15232776897980324
        ],
        [
          0.7075484458124953,
          -0.36661241889715745,
          -0.23018246261336697,
          0.4239455486960975,
          -0.14782602902679073,
          0.2624005460513409,
          0.03490649146152403,
          0.20082751856427403
        ],
        [
          0.20070853363495172,
          -0.1934862940018499,
          0.17000173395091311,
          -0.1780709379514119,
          0.15973701241478594,
          -0.18208087897718434,
          -0.8958419630047829,
          0.021612676043389605
        ],
        [
          0.06410298878640709,
          -0.06134819070392655,
          0.0393790257540688,
          -0.027591883767942593,
          -0.775021188748255,
          -0.6231303122605707,
          0.029128749145872483,
          0.004180133165776131
        ],
        [
          0.34018232390965286,
          0.621012652304651,
          0.6329887390662512,
          0.3129609055334049,
          9.409140133698202e-14,
          6.59472476627343e-14,
          -4.3021142204224816e-14,
          2.168404344971009e-15
        ]
      ],
      "top_loading_name": "Psi",
      "top_loading_val": 0.4384934028199011,
      "best_proxy_name": "Psi",
      "best_proxy_corr": 0.9903141362167461,
      "pc1_pct": 63.757289115636326,
      "pc2_pct": 18.88208131853897,
      "pc3_pct": 12.775716522398852,
      "three_pc_pct": 95.41508695657414,
      "N": 11,
      "topo": "star",
      "pair": "0_5_center_leaf",
      "pclass": "center_leaf",
      "gate1_conc_std": 0.0,
      "gate3_pur_range": 0.25331254607592396
    },
    "N11_star_1_10_far_leaf": {
      "n90": 1,
      "n95": 1,
      "n99": 2,
      "n_active": 7,
      "active_features": [
        "Phi+",
        "Phi-",
        "Psi+",
        "Psi-",
        "Pur",
        "SvN",
        "Psi"
      ],
      "var_exp": [
        0.9853539291239329,
        0.00981849182644898,
        0.004263283442238389,
        0.00041282109770220387,
        0.00014132083471977977,
        1.0153674957748698e-05,
        4.72280942447918e-29
      ],
      "cum_var": [
        0.9853539291239329,
        0.9951724209503819,
        0.9994357043926203,
        0.9998485254903225,
        0.9999898463250423,
        1.0,
        1.0
      ],
      "Vt": [
        [
          -0.37762858465082916,
          0.3777635714017855,
          -0.3779992207308116,
          0.3776291639161144,
          -0.3791484657711936,
          0.3791083887407439,
          -0.3764670109757859
        ],
        [
          -0.4018481009731531,
          -0.4532089429669047,
          0.32617747340506964,
          0.47220936308229167,
          0.255624374775464,
          -0.2529159974349263,
          -0.41765537022974164
        ],
        [
          0.40102785389058526,
          0.16056677214780019,
          -0.4654027336305323,
          -0.07988853446584372,
          0.35801251431131487,
          -0.3598023114844509,
          -0.5768729720857202
        ],
        [
          0.34264505256510597,
          -0.46609153637747286,
          -0.4754660031179133,
          0.5410399956422729,
          -0.17422862118798588,
          -0.046101243526335614,
          0.33775718137248767
        ],
        [
          0.4005267458808754,
          -0.4249993306597579,
          0.18464082731669967,
          -0.1743429658712954,
          -0.1247343781109614,
          0.6259712278780701,
          -0.4325130595692258
        ],
        [
          -0.094693617288849,
          0.0857886016326567,
          -0.1526472282872149,
          0.1573621921114756,
          0.7853759494641396,
          0.5185434617199282,
          0.2233980643953362
        ],
        [
          0.4982943194882707,
          0.4699885257158771,
          0.500663368904022,
          0.5292917417632864,
          1.326716514427062e-14,
          5.859202012459264e-14,
          -1.6819878823071122e-14
        ]
      ],
      "top_loading_name": "Pur",
      "top_loading_val": -0.3791484657711936,
      "best_proxy_name": "Pur",
      "best_proxy_corr": 0.995759478326622,
      "pc1_pct": 98.53539291239329,
      "pc2_pct": 0.9818491826448981,
      "pc3_pct": 0.42632834422383886,
      "three_pc_pct": 99.94357043926203,
      "N": 11,
      "topo": "star",
      "pair": "1_10_far_leaf",
      "pclass": "far_leaf",
      "gate1_conc_std": 2.497175173073186e-22,
      "gate3_pur_range": 0.743728524111381
    },
    "N11_star_5_6_center_bell": {
      "n90": 3,
      "n95": 3,
      "n99": 5,
      "n_active": 9,
      "active_features": [
        "Phi+",
        "Phi-",
        "Psi+",
        "Psi-",
        "Pur",
        "SvN",
        "C",
        "Psi",
        "ph03"
      ],
      "var_exp": [
        0.6526522856439383,
        0.19075511327014627,
        0.10968232086876957,
        0.03497807045898532,
        0.007068412568349785,
        0.003627982505609497,
        0.0012250390204509153,
        1.0775663750468418e-05,
        1.8382487257599756e-29
      ],
      "cum_var": [
        0.6526522856439383,
        0.8434073989140846,
        0.9530897197828542,
        0.9880677902418395,
        0.9951362028101893,
        0.9987641853157988,
        0.9999892243362497,
        1.0000000000000002,
        1.0000000000000002
      ],
      "Vt": [
        [
          -0.25801934030283774,
          0.39872590208450265,
          -0.07587864261542177,
          0.3829413458219064,
          -0.4104174181272235,
          0.40977022527030926,
          -0.3882316888556347,
          -0.3669076749701369,
          -0.01851624928407245
        ],
        [
          -0.5786217964463858,
          0.12101370360339125,
          0.7431234940165528,
          -0.17028973392169622,
          0.015250208132421561,
          -0.01589955636665888,
          -0.0351335738112209,
          0.2166139509899736,
          -0.1438055731391577
        ],
        [
          0.11086983703763267,
          -0.012767483097827081,
          -0.11113014406125353,
          -0.024123646352833625,
          -0.005353979268305803,
          0.006163553859968139,
          -0.03509597435234139,
          0.005758293622243619,
          -0.9865502883922308
        ],
        [
          -0.2539595406552099,
          -0.22212607976966828,
          0.10870387911512419,
          0.43841107068169854,
          0.14886132922963596,
          -0.16546990298638994,
          0.5561670069334723,
          -0.5638019389159296,
          -0.0735486648714111
        ],
        [
          -0.15059534570105132,
          -0.36572425216703125,
          -0.09187830306642263,
          0.649987496961566,
          -0.08328502512663472,
          0.09493443545795636,
          -0.022361597304660807,
          0.6293195509060114,
          -0.012221449042314782
        ],
        [
          -0.053498994764198664,
          0.6874894237728268,
          -0.20992914806391233,
          0.041122933865412464,
          -0.034276473039055066,
          0.05101488043968663,
          0.6087993618381397,
          0.32278113209176024,
          -0.011536464967685157
        ],
        [
          0.13151233979533342,
          -0.35406714609616013,
          0.14228546547094983,
          -0.2750804462747598,
          -0.4905689238777358,
          0.5960577009451068,
          0.40667556573713204,
          -0.009756625629686433,
          0.0019223652231519298
        ],
        [
          -0.011399503909562939,
          0.01897896776050024,
          -0.0057420773743678665,
          0.01999660213954177,
          0.7485769649987776,
          0.6614510113990232,
          -0.03109020691982904,
          -0.01501405618278249,
          -0.00028051151847432857
        ],
        [
          0.6920034124604175,
          0.2115435014932735,
          0.5874125186473784,
          0.3623908898626536,
          1.1482481632185682e-13,
          1.071365218763276e-13,
          1.5265566588595902e-15,
          -6.38378239159465e-16,
          -4.3021142204224816e-16
        ]
      ],
      "top_loading_name": "Pur",
      "top_loading_val": -0.4104174181272235,
      "best_proxy_name": "Pur",
      "best_proxy_corr": 0.9946904995862925,
      "pc1_pct": 65.26522856439382,
      "pc2_pct": 19.075511327014627,
      "pc3_pct": 10.968232086876958,
      "three_pc_pct": 95.30897197828541,
      "N": 11,
      "topo": "star",
      "pair": "5_6_center_bell",
      "pclass": "center_bell",
      "gate1_conc_std": 0.16749698054349668,
      "gate3_pur_range": 0.74610501221652
    },
    "N5_chain_0_1_far_edge": {
      "n90": 4,
      "n95": 5,
      "n99": 5,
      "n_active": 9,
      "active_features": [
        "Phi+",
        "Phi-",
        "Psi+",
        "Psi-",
        "Pur",
        "SvN",
        "C",
        "Psi",
        "ph03"
      ],
      "var_exp": [
        0.662323494274185,
        0.11748423081205077,
        0.10401417433226373,
        0.06597088615262713,
        0.043132681123070005,
        0.005672131475952642,
        0.0013666530522752954,
        3.5748777575342883e-05,
        3.9484746748017066e-30
      ],
      "cum_var": [
        0.662323494274185,
        0.7798077250862357,
        0.8838218994184994,
        0.9497927855711266,
        0.9929254666941966,
        0.9985975981701493,
        0.9999642512224246,
        1.0,
        1.0
      ],
      "Vt": [
        [
          -0.3167374360221071,
          0.37803174996039846,
          -0.3499537023320175,
          0.3433108966692102,
          -0.4065413267424038,
          0.40642659678430515,
          -0.16044927876226212,
          -0.4002602964098182,
          -0.005359312993675959
        ],
        [
          -0.31170125676345756,
          0.026987574094245778,
          0.24628227400452676,
          0.03916099333188407,
          -0.006432868479855086,
          -0.010729598100385504,
          0.23731448244632194,
          0.002767615421866364,
          -0.8851232265299813
        ],
        [
          -0.2835950464507274,
          -0.024746904201000768,
          0.14236944948477784,
          0.21712550182711426,
          -0.037306084791443206,
          -0.0009743444526074483,
          0.8416372673104382,
          -0.042686904470162296,
          0.3741400029697384
        ],
        [
          0.5685572333531845,
          0.17034165851615007,
          -0.5325137040155101,
          -0.27624709492560967,
          -0.10032834758221693,
          0.11957381713837976,
          0.45667304958417076,
          -0.017005967418217874,
          -0.23375187087727556
        ],
        [
          0.28127966255622155,
          -0.5708102144895407,
          -0.2023314731032526,
          0.7272630234699375,
          -0.013265449272364366,
          0.008740715399804422,
          -0.009094524095476328,
          0.06690100543413256,
          -0.14281839169090602
        ],
        [
          0.12914877451909124,
          -0.1478947963902243,
          0.07612931588638792,
          -0.05917495830903183,
          0.32344112098972766,
          -0.19872736977068223,
          0.02260642633891194,
          -0.8981882794107496,
          -0.028114280837001245
        ],
        [
          -0.19552156063492857,
          0.3997246242173612,
          -0.4340545087885919,
          0.26582313918121186,
          0.39218268759526537,
          -0.6096881174187767,
          -0.014167544985315621,
          0.1283704022718938,
          -0.026828077006281245
        ],
        [
          0.060778425176076054,
          -0.0712309338403065,
          0.0610579816977789,
          -0.0595441831161564,
          -0.7514172311184165,
          -0.6396208892269316,
          -0.015486161963676588,
          -0.0998787800453054,
          -0.00047026859910469254
        ],
        [
          0.5109950029276981,
          0.5605213502324831,
          0.5236147927152008,
          0.38797870014511526,
          -1.3877787807814457e-14,
          -1.1601830607332886e-14,
          -2.1510571102112408e-16,
          4.6074255521944e-15,
          0.0
        ]
      ],
      "top_loading_name": "Pur",
      "top_loading_val": -0.4065413267424038,
      "best_proxy_name": "Pur",
      "best_proxy_corr": 0.9925697489819714,
      "pc1_pct": 66.2323494274185,
      "pc2_pct": 11.748423081205077,
      "pc3_pct": 10.401417433226372,
      "three_pc_pct": 88.38218994184994,
      "N": 5,
      "topo": "chain",
      "pair": "0_1_far_edge",
      "pclass": "far_edge",
      "gate1_conc_std": 0.0051725444995691285,
      "gate3_pur_range": 0.744116507223076
    },
    "N5_chain_1_2_adjacent": {
      "n90": 4,
      "n95": 4,
      "n99": 6,
      "n_active": 9,
      "active_features": [
        "Phi+",
        "Phi-",
        "Psi+",
        "Psi-",
        "Pur",
        "SvN",
        "C",
        "Psi",
        "ph03"
      ],
      "var_exp": [
        0.5838087460397968,
        0.18157404172455566,
        0.1302998191470969,
        0.06062942210684224,
        0.022186991434267115,
        0.01735617508865561,
        0.003979908993265744,
        0.00016489546552002265,
        4.719645189162032e-30
      ],
      "cum_var": [
        0.5838087460397968,
        0.7653827877643524,
        0.8956826069114493,
        0.9563120290182915,
        0.9784990204525587,
        0.9958551955412143,
        0.99983510453448,
        1.0,
        1.0
      ],
      "Vt": [
        [
          0.2911775732910122,
          -0.35367129524552676,
          0.24234853881013046,
          -0.40160214175783154,
          0.4289748235829819,
          -0.41046189354895796,
          0.1781927672253086,
          0.42819967268709425,
          0.05009145535151132
        ],
        [
          -0.19210220010457635,
          0.32881634690663253,
          -0.09610096310271452,
          0.07698784773707656,
          0.06355551319723182,
          -0.16842518408272206,
          0.6302192399091674,
          -0.03339277306476757,
          0.63962201132997
        ],
        [
          0.6421504328849725,
          0.04627940168677073,
          -0.7460162450510495,
          -0.09551262295809262,
          0.0004010904368443799,
          0.008176305723894207,
          -0.05294020711947554,
          -0.05038282482058812,
          0.12012506851265722
        ],
        [
          -0.048766141620270986,
          0.4016183617924572,
          -0.14969272219077595,
          -0.16120543372593096,
          0.06148503051228518,
          -0.133695982576217,
          0.4759620622088425,
          -0.0034742753511519398,
          -0.7346580646651465
        ],
        [
          0.03047470335442883,
          -0.5315484099186493,
          -0.148927652817604,
          0.7256503807492987,
          0.10777618108071954,
          -0.1555260533178548,
          0.30730611223455706,
          -0.05821011754484012,
          -0.18479755583551116
        ],
        [
          -0.24072891599176519,
          0.3483082225425196,
          -0.20298073353584295,
          0.2746708122410234,
          0.3161134129077212,
          -0.5776059053370075,
          -0.49497311097994245,
          0.1597667209709544,
          -0.0023833605443372135
        ],
        [
          -0.052302784529330196,
          0.07022231913923906,
          -0.12439292425181601,
          0.1714997851649155,
          -0.3996615714324505,
          0.17042183540814507,
          0.047668729580256884,
          0.8696759688219566,
          -0.00811766713493555
        ],
        [
          0.07922205174825982,
          -0.11102975233082564,
          0.07895154375683563,
          -0.11032925263559379,
          -0.7327263888486506,
          -0.6311513181907343,
          0.004556553003681643,
          -0.166521319147996,
          -0.0005577546825721192
        ],
        [
          -0.6290359427032901,
          -0.4268913484614976,
          -0.517683370260585,
          -0.39253214843086365,
          4.163336342344337e-15,
          1.1102230246251565e-15,
          -1.3461454173580023e-15,
          -3.774758283725532e-15,
          3.1138286393783687e-16
        ]
      ],
      "top_loading_name": "Pur",
      "top_loading_val": 0.4289748235829819,
      "best_proxy_name": "Pur",
      "best_proxy_corr": 0.9833052476983585,
      "pc1_pct": 58.380874603979684,
      "pc2_pct": 18.157404172455564,
      "pc3_pct": 13.02998191470969,
      "three_pc_pct": 89.56826069114493,
      "N": 5,
      "topo": "chain",
      "pair": "1_2_adjacent",
      "pclass": "adjacent",
      "gate1_conc_std": 0.024220520059451963,
      "gate3_pur_range": 0.43105314630256697
    },
    "N5_chain_2_3_center_bell": {
      "n90": 3,
      "n95": 4,
      "n99": 5,
      "n_active": 9,
      "active_features": [
        "Phi+",
        "Phi-",
        "Psi+",
        "Psi-",
        "Pur",
        "SvN",
        "C",
        "Psi",
        "ph03"
      ],
      "var_exp": [
        0.63756764911194,
        0.20260995898334513,
        0.10365047057832184,
        0.033732195099136705,
        0.014592838836568683,
        0.004182508240230434,
        0.003622597616701712,
        4.178153375547341e-05,
        2.1313318671656228e-30
      ],
      "cum_var": [
        0.63756764911194,
        0.8401776080952851,
        0.943828078673607,
        0.9775602737727437,
        0.9921531126093124,
        0.9963356208495429,
        0.9999582184662446,
        1.0,
        1.0
      ],
      "Vt": [
        [
          -0.34281071968009313,
          0.388997495925525,
          -0.02490078633847409,
          0.3879224513135552,
          -0.41409786756886585,
          0.411897518847863,
          -0.34606863816563593,
          -0.3442609976868172,
          0.025340371632020596
        ],
        [
          -0.40066160564160685,
          -0.1821768749041449,
          0.716723961802641,
          0.023611935597377485,
          0.04158204825579637,
          -0.051238628632958486,
          -0.30450549008722577,
          0.342124862888828,
          -0.2791122068072752
        ],
        [
          -0.08938976267023649,
          -0.07951389841356593,
          0.1726091411127879,
          0.036722753640808375,
          0.025488508617925846,
          -0.0301216477539145,
          -0.12120508598225849,
          0.1536032446621757,
          0.9564010281699236
        ],
        [
          0.222786053299157,
          0.26000057134588855,
          -0.23977522742417662,
          -0.5117869258465434,
          -0.13026691858898404,
          0.12987567109540563,
          -0.5938639699329614,
          0.4194689194224017,
          -0.029703720883766334
        ],
        [
          0.2429326331984517,
          -0.5079116126857931,
          -0.3100093240995836,
          0.6224101054773886,
          -0.06266493315480015,
          0.06043544160305209,
          -0.2785522999601273,
          0.3303309159443195,
          -0.07225077651062368
        ],
        [
          0.11064015366279689,
          -0.18723466267590808,
          0.01694384069883642,
          -0.05549533618877153,
          0.2745084984948408,
          -0.401715419491359,
          -0.5804345743876648,
          -0.6129429761180983,
          -0.0012370503899174962
        ],
        [
          -0.25997117886533855,
          0.5418764757668538,
          -0.23802672495721067,
          0.33775969897239655,
          0.329953339406043,
          -0.5262062035807495,
          -0.04179813022878817,
          0.2826593370042474,
          -0.02531749923891386
        ],
        [
          0.029651319545464544,
          -0.05752142255292363,
          0.02701447308604691,
          -0.04421467595714677,
          -0.7880505944475572,
          -0.6066459789293548,
          0.062490430340394705,
          0.01314936257114179,
          0.002514575536631559
        ],
        [
          0.7242963554758289,
          0.38935834782659745,
          0.4945920135013929,
          0.2813780492554665,
          8.68749516769185e-15,
          4.85722573273506e-15,
          -1.4432899320127035e-15,
          6.106226635438361e-16,
          -3.642919299551295e-16
        ]
      ],
      "top_loading_name": "Pur",
      "top_loading_val": -0.41409786756886585,
      "best_proxy_name": "Pur",
      "best_proxy_corr": 0.9919445246320256,
      "pc1_pct": 63.756764911194,
      "pc2_pct": 20.260995898334514,
      "pc3_pct": 10.365047057832184,
      "three_pc_pct": 94.3828078673607,
      "N": 5,
      "topo": "chain",
      "pair": "2_3_center_bell",
      "pclass": "center_bell",
      "gate1_conc_std": 0.11653528148764047,
      "gate3_pur_range": 0.743542027996881
    },
    "N5_star_0_2_center_leaf": {
      "n90": 3,
      "n95": 4,
      "n99": 5,
      "n_active": 8,
      "active_features": [
        "Phi+",
        "Phi-",
        "Psi+",
        "Psi-",
        "Pur",
        "SvN",
        "C",
        "Psi"
      ],
      "var_exp": [
        0.6437633404460824,
        0.23358611633449292,
        0.06307720874841749,
        0.03521040800694477,
        0.020535470367022773,
        0.0036183330132322257,
        0.00020912308380756226,
        5.142019437413227e-30
      ],
      "cum_var": [
        0.6437633404460824,
        0.8773494567805753,
        0.9404266655289928,
        0.9756370735359375,
        0.9961725439029603,
        0.9997908769161925,
        1.0,
        1.0
      ],
      "Vt": [
        [
          0.32676210736130884,
          -0.36058569256951756,
          0.24513468914038952,
          -0.3669087554767291,
          0.4323210626115688,
          -0.41775107744342066,
          0.14590562341854418,
          0.4310284422327969
        ],
        [
          0.4329941860956216,
          0.3508204171736241,
          -0.5706109876980898,
          -0.21634389720945782,
          -0.018674529729781224,
          -0.031446335726584056,
          0.5540071788529168,
          -0.09369057715759256
        ],
        [
          0.3146296430913854,
          0.239455420302631,
          -0.19022929578892345,
          -0.46415496260578337,
          -0.032102248839347564,
          0.10373898964906236,
          -0.759001536470077,
          0.06454928636369837
        ],
        [
          0.08173668104855207,
          -0.030863689953914746,
          -0.46565601438256515,
          0.6003996155846765,
          0.3061740619991409,
          -0.47865162307031217,
          -0.30300720157633804,
          0.0196984459460804
        ],
        [
          -0.5393627999135017,
          0.6566856768298857,
          0.10963500286174019,
          -0.21852635423290587,
          0.19096525577717388,
          -0.4106161741753974,
          0.03478860596466765,
          0.10860235750515324
        ],
        [
          0.06349578911216106,
          -0.10420303026412951,
          0.16238789345717772,
          -0.19560869623361646,
          0.31630407024362056,
          -0.19289487724288767,
          -0.04255221035138765,
          -0.8839740008281372
        ],
        [
          0.08549099383112012,
          -0.11426692817135323,
          0.06880753993290095,
          -0.0779738248440541,
          -0.7625356754758794,
          -0.6154769978333798,
          -0.02949509370154979,
          -0.08762084455032323
        ],
        [
          -0.5457263118705205,
          -0.4831772418015312,
          -0.5640613768426962,
          -0.38801714999673154,
          -8.715250743307479e-15,
          -7.049916206369744e-15,
          -2.7755575615628914e-17,
          -2.55351295663786e-15
        ]
      ],
      "top_loading_name": "Pur",
      "top_loading_val": 0.4323210626115688,
      "best_proxy_name": "Pur",
      "best_proxy_corr": 0.9811027853988428,
      "pc1_pct": 64.37633404460824,
      "pc2_pct": 23.358611633449293,
      "pc3_pct": 6.307720874841749,
      "three_pc_pct": 94.04266655289928,
      "N": 5,
      "topo": "star",
      "pair": "0_2_center_leaf",
      "pclass": "center_leaf",
      "gate1_conc_std": 0.013488103661474597,
      "gate3_pur_range": 0.38546756356040807
    },
    "N5_star_1_4_far_leaf": {
      "n90": 4,
      "n95": 5,
      "n99": 5,
      "n_active": 9,
      "active_features": [
        "Phi+",
        "Phi-",
        "Psi+",
        "Psi-",
        "Pur",
        "SvN",
        "C",
        "Psi",
        "ph03"
      ],
      "var_exp": [
        0.6060877489311879,
        0.17070959501735802,
        0.11025351916072931,
        0.05991055904954306,
        0.04365120937519852,
        0.008272405147095466,
        0.0010611227738608002,
        5.384054502693104e-05,
        1.7992035455808605e-30
      ],
      "cum_var": [
        0.6060877489311879,
        0.7767973439485459,
        0.8870508631092753,
        0.9469614221588183,
        0.9906126315340168,
        0.9988850366811123,
        0.9999461594549731,
        1.0,
        1.0
      ],
      "Vt": [
        [
          -0.26368398737253135,
          0.37044044226458284,
          -0.26882423042252956,
          0.38996946937316646,
          -0.4213382796294084,
          0.4188220738602637,
          -0.19985100399112365,
          -0.41590782450103936,
          -0.05517573671062304
        ],
        [
          -0.5840678119407696,
          -0.06408759564458005,
          0.5909723505918969,
          0.06850910417195502,
          0.0458022144338535,
          -0.053639234160022004,
          -0.5239902728181968,
          0.14551383271211513,
          0.010033085950314526
        ],
        [
          -0.022653848409607005,
          -0.06206039171206081,
          0.04327671960257001,
          0.030666831377110505,
          0.024689782598186272,
          -0.01555847792038799,
          0.0745871943622765,
          0.015092026344140464,
          -0.9930656128899817
        ],
        [
          -0.4136001009105813,
          0.20759531427273364,
          0.3437192300504549,
          -0.0864066405848164,
          -0.12588726543423076,
          0.12064338327243976,
          0.7910809947269565,
          0.0044413924648248025,
          0.06323630020789658
        ],
        [
          -0.003694643096083881,
          -0.738601708049017,
          0.05856979195282799,
          0.617902087642318,
          -0.027425603206144844,
          0.11411028297365988,
          0.2062546137884815,
          -0.08098974887697905,
          0.07966699764389831
        ],
        [
          0.22049298362726982,
          -0.2054447004944165,
          0.13041090076910747,
          -0.29467665419723954,
          -0.500694847844024,
          0.5822474802959468,
          -0.08932892801528236,
          0.4553668723478025,
          -0.016967052216156193
        ],
        [
          -0.1602456582149875,
          0.25652100767443653,
          -0.3310736710991971,
          0.4372666842449796,
          0.059857417199089435,
          -0.09414145845272273,
          0.0596105465246384,
          0.7692031199472247,
          0.005830198313680369
        ],
        [
          -0.021550282036439338,
          0.0650661514278175,
          -0.015404597823413777,
          -0.009763999262557607,
          0.7408701759054109,
          0.667845874175008,
          -0.00688041192540456,
          -0.0026726747882805622,
          0.0028515801478297934
        ],
        [
          -0.5856478580921883,
          -0.3923553396575169,
          -0.5728742702457295,
          -0.41819725518550366,
          -4.829470157119431e-15,
          -4.440892098500626e-15,
          2.498001805406602e-16,
          1.3877787807814457e-15,
          -5.551115123125783e-17
        ]
      ],
      "top_loading_name": "Pur",
