{
  "mode": "hardware",
  "timestamp": "20260516_204827",
  "backend": "ibm_kingston",
  "omega_per_us": 0.13,
  "phi_0_deg": -90.0,
  "delta": 0.04,
  "shots": 2048,
  "pair_runs": {
    "A_mid": {
      "pair": {
        "qubits": [
          82,
          83
        ],
        "T1_us": [
          174.43704383245824,
          227.17456265064666
        ],
        "T2_us": [
          188.82726579529458,
          148.66757752513112
        ],
        "T2_min_us": 148.66757752513112,
        "T1_min_us": 174.43704383245824,
        "cz_err": 0.0010619950771795783,
        "gate_len_ns": 68.0,
        "gamma_per_us": 0.0033632080936778484
      },
      "pred": {
        "t_cross_us": 10.809003619572643,
        "scan_ts_us": [
          0.5,
          19.062613857308055,
          37.62522771461611,
          56.18784157192417,
          74.75045542923222,
          93.31306928654027,
          111.87568314384833,
          130.43829700115637,
          149.00091085846444,
          167.5635247157725,
          186.12613857308054,
          204.6887524303886,
          223.25136628769667,
          241.8139801450047,
          260.37659400231274,
          278.9392078596208,
          297.5018217169289,
          316.06443557423694,
          334.627049431545,
          353.189663288853,
          371.7522771461611,
          390.31489100346914,
          408.8775048607772,
          427.4401187180853,
          446.00273257539334
        ],
        "scan_mag": [
          0.32280194765405806,
          0.19171319337362688,
          0.11911365631632606,
          0.08780067247594109,
          0.06232513712688258,
          0.04694303223013151,
          0.039039630959759555,
          0.031297639242711985,
          0.025525023216577507,
          0.02100069432258549,
          0.018187927618782608,
          0.015025574747532616,
          0.012401007311028667,
          0.010723696418695229,
          0.00881454959970722,
          0.0072243709284062286,
          0.005903378815916236,
          0.0050638325061336175,
          0.004116754569288712,
          0.0033375865211021636,
          0.0028467267019173584,
          0.002297713364412664,
          0.0018503201035886111,
          0.001570721250449887,
          0.0012603134362270435
        ],
        "scan_arg_deg": [
          -93.72422566835036,
          128.0130483335245,
          -10.249677664600622,
          -148.51240366272586,
          73.22487033914899,
          -65.03785565897603,
          156.69941834289867,
          18.43669234477381,
          -119.82603365335162,
          101.91124034852338,
          -36.351485649601884,
          -174.61421164772716,
          47.12306235414793,
          -91.13966364397747,
          130.59761035789802,
          -7.665115640227573,
          -145.9278416383529,
          75.80943236352228,
          -62.453293634603114,
          159.28398036727228,
          21.021254369146288,
          -117.24147162897843,
          104.49580237289565,
          -33.76692362522911,
          -172.02964962335372
        ]
      },
      "delays_us": [
        1.08,
        3.24,
        5.4,
        7.57,
        11.89,
        18.38
      ],
      "trajectory": [
        {
          "C": 0.7753393731511985,
          "Psi_com_re": 0.03587040511307406,
          "Psi_com_im": -0.32767385786179726,
          "CPsi_com_re": 0.027811737415050386,
          "CPsi_com_im": -0.2540584435526008,
          "CPsi_com_mag": 0.2555761833160785,
          "CPsi_com_arg_deg": -83.75271595756028,
          "t_us": 1.08,
          "rho2_real": [
            [
              0.4933937794610101,
              0.002120228848798307,
              0.016084539320222493,
              -0.02730181971949617
            ],
            [
              0.0021202288487983056,
              0.0695838666052109,
              0.010036995203482304,
              0.03816675158200169
            ],
            [
              0.016084539320222493,
              0.010036995203482304,
              0.01949566429137252,
              0.014698912434602477
            ],
            [
              -0.02730181971949617,
              0.03816675158200169,
              0.014698912434602474,
              0.4175266896424077
            ]
          ],
          "rho2_imag": [
            [
              0.0,
              -0.01596548166920737,
              -0.0453843714592799,
              -0.41329359038722013
            ],
            [
              0.01596548166920737,
              0.0,
              0.003545882400064021,
              -0.015026343741363628
            ],
            [
              0.045384371459279906,
              -0.003545882400064021,
              0.0,
              -0.005386881935688866
            ],
            [
              0.41329359038722013,
              0.015026343741363631,
              0.005386881935688865,
              3.469446951953614e-18
            ]
          ]
        },
        {
          "C": 0.7242470847235789,
          "Psi_com_re": -0.0014105902777777485,
          "Psi_com_im": -0.30013020833333337,
          "CPsi_com_re": -0.0010216158964199576,
          "CPsi_com_im": -0.21736842842289708,
          "CPsi_com_mag": 0.21737082917006126,
          "CPsi_com_arg_deg": -90.26928403809418,
          "t_us": 3.24,
          "rho2_real": [
            [
              0.49780273437500006,
              0.0013020833333333426,
              0.012044270833333363,
              -0.073486328125
            ],
            [
              0.0013020833333333426,
              0.06420898437500096,
              0.011474609375,
              0.03889973958333333
            ],
            [
              0.012044270833333363,
              0.011474609375,
              0.028564453125000944,
              0.007649739583333343
            ],
            [
              -0.073486328125,
              0.03889973958333333,
              0.007649739583333343,
              0.4094238281250001
            ]
          ],
          "rho2_imag": [
            [
              0.0,
              -0.0030110677083333356,
              -0.0260416666666667,
              -0.378173828125
            ],
            [
              0.0030110677083333356,
              0.0,
              -0.002197265625,
              -0.0289713541666667
            ],
            [
              0.0260416666666667,
              0.002197265625,
              0.0,
              -0.011800130208333343
            ],
            [
              0.378173828125,
              0.0289713541666667,
              0.011800130208333343,
              0.0
            ]
          ]
        },
        {
          "C": 0.7046518855624734,
          "Psi_com_re": -0.02539062499999996,
          "Psi_com_im": -0.2841796875,
          "CPsi_com_re": -0.017891551781859645,
          "CPsi_com_im": -0.20024775263542946,
          "CPsi_com_mag": 0.20104544277526687,
          "CPsi_com_arg_deg": -95.10565336750749,
          "t_us": 5.4,
          "rho2_real": [
            [
              0.5016276041666669,
              -0.013509114583333301,
              0.036214192708333356,
              -0.093017578125
            ],
            [
              -0.013509114583333301,
              0.06315104166666757,
              -0.006591796875,
              0.020589192708333356
            ],
            [
              0.036214192708333356,
              -0.006591796875,
              0.03157552083333423,
              0.01822916666666665
            ],
            [
              -0.093017578125,
              0.020589192708333356,
              0.01822916666666665,
              0.40364583333333354
            ]
          ],
          "rho2_imag": [
            [
              0.0,
              0.0008138020833333252,
              -0.03011067708333334,
              -0.359375
            ],
            [
              -0.0008138020833333252,
              0.0,
              0.00927734375,
              -0.036946614583333356
            ],
            [
              0.03011067708333334,
              -0.00927734375,
              0.0,
              -0.009928385416666654
            ],
            [
              0.359375,
              0.036946614583333356,
              0.009928385416666654,
              0.0
            ]
          ]
        },
        {
          "C": 0.6928177409701881,
          "Psi_com_re": -0.0333116319444444,
          "Psi_com_im": -0.2705078125,
          "CPsi_com_re": -0.023078889591780324,
          "CPsi_com_im": -0.18741261157103722,
          "CPsi_com_mag": 0.18882828739536367,
          "CPsi_com_arg_deg": -97.02033305014783,
          "t_us": 7.57,
          "rho2_real": [
            [
              0.5110677083333335,
              0.0019531250000000278,
              0.026529947916666685,
              -0.130859375
            ],
            [
              0.0019531250000000278,
              0.06477864583333422,
              0.009765625,
              0.025553385416666685
            ],
            [
              0.026529947916666685,
              0.009765625,
              0.03727213541666756,
              0.01708984375
            ],
            [
              -0.130859375,
              0.025553385416666685,
              0.01708984375,
              0.38688151041666674
            ]
          ],
          "rho2_imag": [
            [
              0.0,
              -0.0009765624999999896,
              -0.03173828125,
              -0.34326171875
            ],
            [
              0.0009765624999999896,
              0.0,
              -0.00244140625,
              -0.020507812500000024
            ],
            [
              0.03173828125,
              0.00244140625,
              0.0,
              -0.006835937499999976
            ],
            [
              0.34326171875,
              0.020507812500000024,
              0.006835937499999976,
              0.0
            ]
          ]
        },
        {
          "C": 0.6262285444471575,
          "Psi_com_re": -0.07682291666666663,
          "Psi_com_im": -0.20768229166666666,
          "CPsi_com_re": -0.04810870328435192,
          "CPsi_com_im": -0.13005657921786667,
          "CPsi_com_mag": 0.13866925084370738,
          "CPsi_com_arg_deg": -110.29973408226101,
          "t_us": 11.89,
          "rho2_real": [
            [
              0.5236816406250001,
              -0.010335286458333311,
              0.014485677083333367,
              -0.177978515625
            ],
            [
              -0.010335286458333311,
              0.07055664062500086,
              0.003173828125,
              0.03108723958333334
            ],
            [
              0.014485677083333367,
              0.003173828125,
              0.04125976562500088,
              0.024332682291666647
            ],
            [
              -0.177978515625,
              0.03108723958333334,
              0.024332682291666647,
              0.36450195312500017
            ]
          ],
          "rho2_imag": [
            [
              0.0,
              -0.002685546874999993,
              -0.019287109375000028,
              -0.267333984375
            ],
            [
              0.002685546874999993,
              0.0,
              0.012451171875,
              -0.022705078125000028
            ],
            [
              0.019287109375000028,
              -0.012451171875,
              0.0,
              -0.011962890625000007
            ],
            [
              0.267333984375,
              0.022705078125000028,
              0.011962890625000007,
              0.0
            ]
          ]
        },
        {
          "C": 0.5422502623664015,
          "Psi_com_re": -0.12456597222222221,
          "Psi_com_im": -0.14051649305555552,
          "CPsi_com_re": -0.06754593111942588,
          "CPsi_com_im": -0.07619510522618161,
          "CPsi_com_mag": 0.10182409769410733,
          "CPsi_com_arg_deg": -131.5565547950406,
          "t_us": 18.38,
          "rho2_real": [
            [
              0.5096842447916669,
              0.005940755208333322,
              0.019531250000000024,
              -0.21875
            ],
            [
              0.005940755208333322,
              0.08911132812500083,
              -0.0107421875,
              0.023437500000000003
            ],
            [
              0.019531250000000024,
              -0.0107421875,
              0.06176757812500083,
              -0.006266276041666654
            ],
            [
              -0.21875,
              0.023437500000000003,
              -0.006266276041666654,
              0.33943684895833354
            ]
          ],
          "rho2_imag": [
            [
              0.0,
              0.003255208333333332,
              -0.027099609374999997,
              -0.166748046875
            ],
            [
              -0.003255208333333332,
              0.0,
              0.000732421875,
              -0.01245117187499999
            ],
            [
              0.027099609374999997,
              -0.000732421875,
              0.0,
              -0.008463541666666668
            ],
            [
              0.166748046875,
              0.01245117187499999,
              0.008463541666666668,
              0.0
            ]
          ]
        }
      ],
      "analysis": {
        "delta": 0.04,
        "omega_per_us": 0.13,
        "phi_0_deg": -90.0,
        "t_cross_measured_us": 1.3952583252257376,
        "arg_cross_measured_deg": -84.70382815167538,
        "arg_cross_predicted_deg": -100.39251373757043,
        "arg_cross_residual_deg": 15.688685585895044
      }
    },
    "B_high": {
      "pair": {
        "qubits": [
          13,
          14
        ],
        "T1_us": [
          232.88006096245775,
          200.58640155020956
        ],
        "T2_us": [
          339.5777533677736,
          263.66101861262644
        ],
        "T2_min_us": 263.66101861262644,
        "T1_min_us": 200.58640155020956,
        "cz_err": 0.001489801709390004,
        "gate_len_ns": 68.0,
        "gamma_per_us": 0.0018963743773386741
      },
      "pred": {
        "t_cross_us": 18.586523839640407,
        "scan_ts_us": [
          0.5,
          33.43679399324497,
          66.37358798648994,
          99.3103819797349,
          132.24717597297987,
          165.18396996622485,
          198.1207639594698,
          231.05755795271477,
          263.99435194595975,
          296.9311459392047,
          329.8679399324497,
          362.8047339256947,
          395.7415279189396,
          428.6783219121846,
          461.61511590542955,
          494.5519098986745,
          527.4887038919195,
          560.4254978851644,
          593.3622918784095,
          626.2990858716544,
          659.2358798648994,
          692.1726738581443,
          725.1094678513894,
          758.0462618446343,
          790.9830558378793
        ],
        "scan_mag": [
          0.32675759454917247,
          0.18697677754429573,
          0.12580502602930063,
          0.08805658776601528,
          0.06958013086488263,
          0.05575146917162015,
          0.046114952306930156,
          0.0396463458780901,
          0.033366037399937265,
          0.028751450509206494,
          0.024072737819943537,
          0.020044021203251113,
          0.01705132943600231,
          0.014043806262554892,
          0.01184030835674787,
          0.009657800020234012,
          0.008081292326278433,
          0.006539987692367416,
          0.005274129745830246,
          0.004375342340253686,
          0.003509733738546112,
          0.002900059669482636,
          0.0023169357201636483,
          0.0018478326995346587,
          0.001520289629371554
        ],
        "scan_arg_deg": [
          -93.72422566835036,
          20.94766708602852,
          135.61955984040733,
          -109.70854740521355,
          4.96334534916514,
          119.63523810354391,
          -125.69286914207737,
          -11.020976387697994,
          103.65091636668025,
          -141.67719087894076,
          -27.005298124561662,
          87.66659462981706,
          -157.66151261580384,
          -42.98961986142567,
          71.68227289295383,
          -173.6458343526675,
          -58.97394159828882,
          55.69795115609065,
          170.3698439104699,
          -74.95826333515124,
          39.71362941922671,
          154.385522173605,
          -90.94258507201651,
          23.72930768236281,
          138.40120043674213
        ]
      },
      "delays_us": [
        1.86,
        5.58,
        9.29,
        13.01,
        20.45,
        31.6
      ],
      "trajectory": [
        {
          "C": 0.8447071711222334,
          "Psi_com_re": -0.05696614583333333,
          "Psi_com_im": -0.2841796875,
          "CPsi_com_re": -0.0481197118966116,
          "CPsi_com_im": -0.2400486199185253,
          "CPsi_com_mag": 0.2448241135954576,
          "CPsi_com_arg_deg": -101.335172903891,
          "t_us": 1.86,
          "rho2_real": [
            [
              0.49007161458333337,
              -0.015218098958333325,
              0.004475911458333329,
              -0.074951171875
            ],
            [
              -0.015218098958333325,
              0.02620442708333427,
              -0.001708984375,
              -0.0008951822916666574
            ],
            [
              0.004475911458333329,
              -0.001708984375,
              0.02897135416666755,
              0.0028483072916666505
            ],
            [
              -0.074951171875,
              -0.0008951822916666574,
              0.0028483072916666505,
              0.45475260416666685
            ]
          ],
          "rho2_imag": [
            [
              0.0,
              0.0007324218749999896,
              0.006103515625,
              -0.438232421875
            ],
            [
              -0.0007324218749999896,
              0.0,
              0.007080078125,
              0.005615234375000014
            ],
            [
              -0.006103515625,
              -0.007080078125,
              0.0,
              -0.0075683593750000035
            ],
            [
              0.438232421875,
              -0.005615234375000014,
              0.0075683593750000035,
              0.0
            ]
          ]
        },
        {
          "C": 0.7870136896769206,
          "Psi_com_re": -0.12337239583333329,
          "Psi_com_im": -0.259765625,
          "CPsi_com_re": -0.09709576444907318,
          "CPsi_com_im": -0.20443910298248133,
          "CPsi_com_mag": 0.22632484243279946,
          "CPsi_com_arg_deg": -115.40478895174577,
          "t_us": 5.58,
          "rho2_real": [
            [
              0.4807942708333332,
              -0.01367187499999998,
              0.006835937500000014,
              -0.17578125
            ],
            [
              -0.01367187499999998,
              0.03922526041666758,
              -0.013671875,
              0.0009765625000000139
            ],
            [
              0.006835937500000014,
              -0.013671875,
              0.04817708333333428,
              0.010253906249999993
            ],
            [
              -0.17578125,
              0.0009765625000000139,
              0.010253906249999993,
              0.43180338541666663
            ]
          ],
          "rho2_imag": [
            [
              0.0,
              -0.0008951822916666817,
              0.0016276041666666574,
              -0.388916015625
            ],
            [
              0.0008951822916666817,
              0.0,
              0.006103515625,
              -0.0008138020833333287
            ],
            [
              -0.0016276041666666574,
              -0.006103515625,
              0.0,
              -0.006754557291666664
            ],
            [
              0.388916015625,
              0.0008138020833333287,
              0.006754557291666664,
              0.0
            ]
          ]
        },
        {
          "C": 0.7503112687004939,
          "Psi_com_re": -0.19444444444444445,
          "Psi_com_im": -0.1982421875,
          "CPsi_com_re": -0.1458938578028738,
          "CPsi_com_im": -0.14874334721308619,
          "CPsi_com_mag": 0.20834970862652502,
          "CPsi_com_arg_deg": -134.44589948463206,
          "t_us": 9.29,
          "rho2_real": [
            [
              0.49178059895833337,
              -0.013834635416666654,
              -0.011149088541666678,
              -0.25732421875
            ],
            [
              -0.013834635416666654,
              0.05509440104166757,
              -0.017578125,
              0.0020345052083333287
            ],
            [
              -0.011149088541666678,
              -0.017578125,
              0.04597981770833425,
              0.006184895833333322
            ],
            [
              -0.25732421875,
              0.0020345052083333287,
              0.006184895833333322,
              0.4071451822916666
            ]
          ],
          "rho2_imag": [
            [
              0.0,
              0.017496744791666654,
              0.0013020833333333495,
              -0.318603515625
            ],
            [
              -0.017496744791666654,
              0.0,
              -0.003662109375,
              0.007649739583333336
            ],
            [
              -0.0013020833333333495,
              0.003662109375,
              0.0,
              -0.0015462239583333079
            ],
            [
              0.318603515625,
              -0.007649739583333336,
              0.0015462239583333079,
              0.0
            ]
          ]
        },
        {
          "C": 0.6874677870008681,
          "Psi_com_re": -0.2152777777777778,
          "Psi_com_im": -0.1474609375,
          "CPsi_com_re": -0.14799653747935354,
          "CPsi_com_im": -0.10137464437219831,
          "CPsi_com_mag": 0.1793872727577611,
          "CPsi_com_arg_deg": -145.58964285894672,
          "t_us": 13.01,
          "rho2_real": [
            [
              0.48958333333333337,
              -0.008300781249999997,
              -0.0034993489583333426,
              -0.310302734375
            ],
            [
              -0.008300781249999997,
              0.06396484375000089,
              0.001220703125,
              -8.138020833335646e-05
            ],
            [
              -0.0034993489583333426,
              0.001220703125,
              0.0581054687500009,
              -0.001953125
            ],
            [
              -0.310302734375,
              -8.138020833335646e-05,
              -0.001953125,
              0.3883463541666665
            ]
          ],
          "rho2_imag": [
            [
              0.0,
              0.010823567708333315,
              0.00846354166666665,
              -0.218994140625
            ],
            [
              -0.010823567708333315,
              0.0,
              -0.009521484375,
              -0.0003255208333333287
            ],
            [
              -0.00846354166666665,
              0.009521484375,
              0.0,
              -0.011637369791666664
            ],
            [
              0.218994140625,
              0.0003255208333333287,
              0.011637369791666664,
              0.0
            ]
          ]
        },
        {
          "C": 0.6358286009894485,
          "Psi_com_re": -0.24913194444444445,
          "Psi_com_im": -0.028103298611111095,
          "CPsi_com_re": -0.15840521569789212,
          "CPsi_com_im": -0.01786888103909148,
          "CPsi_com_mag": 0.1594098782067314,
          "CPsi_com_arg_deg": -173.56396394818455,
          "t_us": 20.45,
          "rho2_real": [
            [
              0.4904785156250003,
              -0.016601562500000007,
              -0.009358723958333322,
              -0.350830078125
            ],
            [
              -0.016601562500000007,
              0.07804361979166749,
              -0.009033203125,
              0.00675455729166663
            ],
            [
              -0.009358723958333322,
              -0.009033203125,
              0.06697591145833418,
              0.005371093749999993
            ],
            [
              -0.350830078125,
              0.00675455729166663,
              0.005371093749999993,
              0.3645019531250003
            ]
          ],
          "rho2_imag": [
            [
              0.0,
              0.01603190104166665,
              -0.001953124999999993,
              -0.04150390625
            ],
            [
              -0.01603190104166665,
              0.0,
              -0.015625,
              0.006835937500000007
            ],
            [
              0.001953124999999993,
              0.015625,
              0.0,
              -0.005940755208333308
            ],
            [
              0.04150390625,
              -0.006835937500000007,
              0.005940755208333308,
              0.0
            ]
          ]
        },
        {
          "C": 0.562100940280491,
          "Psi_com_re": -0.15364583333333331,
          "Psi_com_im": 0.13313802083333331,
          "CPsi_com_re": -0.08636446738684625,
          "CPsi_com_im": 0.07483700669750025,
          "CPsi_com_mag": 0.11427772660696102,
          "CPsi_com_arg_deg": 139.0902385255092,
          "t_us": 31.6,
          "rho2_real": [
            [
              0.5005696614583335,
              0.010579427083333337,
              -0.0003255208333333443,
              -0.23193359375
            ],
            [
              0.010579427083333337,
              0.09708658854166749,
              0.00927734375,
              -0.013997395833333337
            ],
            [
              -0.0003255208333333443,
              0.00927734375,
              0.07869466145833416,
              -0.004069010416666659
            ],
            [
              -0.23193359375,
              -0.013997395833333337,
              -0.004069010416666659,
              0.32364908854166674
            ]
          ],
          "rho2_imag": [
            [
              0.0,
              0.005940755208333332,
              -0.005696614583333332,
              0.203125
            ],
            [
              -0.005940755208333332,
              0.0,
              -0.00244140625,
              0.004069010416666668
            ],
            [
              0.005696614583333332,
              0.00244140625,
              0.0,
              -0.005289713541666661
            ],
            [
              -0.203125,
              -0.004069010416666668,
              0.005289713541666661,
              0.0
            ]
          ]
        }
      ],
      "analysis": {
        "delta": 0.04,
        "omega_per_us": 0.13,
        "phi_0_deg": -90.0,
        "t_cross_measured_us": null,
        "arg_cross_measured_deg": null,
        "arg_cross_predicted_deg": null,
        "note": "no magnitude crossing in delay window"
      }
    }
  },
  "cal_snapshot_start": {
    "82": {
      "T1_us": 174.43704383245824,
      "T2_us": 188.82726579529458,
      "sq_ns": 32.0,
      "operational": true
    },
    "83": {
      "T1_us": 227.17456265064666,
      "T2_us": 148.66757752513112,
      "sq_ns": 32.0,
      "operational": true
    },
    "13": {
      "T1_us": 232.88006096245775,
      "T2_us": 339.5777533677736,
      "sq_ns": 32.0,
      "operational": true
    },
    "14": {
      "T1_us": 200.58640155020956,
      "T2_us": 263.66101861262644,
      "sq_ns": 32.0,
      "operational": true
    }
  },
  "cal_snapshot_end": {
    "82": {
      "T1_us": 174.43704383245824,
      "T2_us": 188.82726579529458,
      "sq_ns": 32.0,
      "operational": true
    },
    "83": {
      "T1_us": 227.17456265064666,
      "T2_us": 148.66757752513112,
      "sq_ns": 32.0,
      "operational": true
    },
    "13": {
      "T1_us": 232.88006096245775,
      "T2_us": 339.5777533677736,
      "sq_ns": 32.0,
      "operational": true
    },
    "14": {
      "T1_us": 200.58640155020956,
      "T2_us": 263.66101861262644,
      "sq_ns": 32.0,
      "operational": true
    }
  },
  "drift_report": {
    "82": {
      "T2_start": 188.82726579529458,
      "T2_end": 188.82726579529458,
      "pct": 0.0
    },
    "83": {
      "T2_start": 148.66757752513112,
      "T2_end": 148.66757752513112,
      "pct": 0.0
    },
    "13": {
      "T2_start": 339.5777533677736,
      "T2_end": 339.5777533677736,
      "pct": 0.0
    },
    "14": {
      "T2_start": 263.66101861262644,
      "T2_end": 263.66101861262644,
      "pct": 0.0
    }
  }
}