{
  "mode": "hardware",
  "timestamp": "20260516_205705",
  "backend": "ibm_kingston",
  "omega_per_us": 0.25,
  "phi_0_deg": -90.0,
  "delta": 0.04,
  "shots": 2048,
  "pair_runs": {
    "A_mid": {
      "pair": {
        "qubits": [
          82,
          83
        ],
        "T1_us": [
          174.43704383245824,
          227.17456265064666
        ],
        "T2_us": [
          188.82726579529458,
          148.66757752513112
        ],
        "T2_min_us": 148.66757752513112,
        "T1_min_us": 174.43704383245824,
        "cz_err": 0.0010619950771795783,
        "gate_len_ns": 68.0,
        "gamma_per_us": 0.0033632080936778484
      },
      "pred": {
        "t_cross_us": 10.809003619572639,
        "scan_ts_us": [
          0.5,
          19.062613857308055,
          37.62522771461611,
          56.18784157192417,
          74.75045542923222,
          93.31306928654027,
          111.87568314384833,
          130.43829700115637,
          149.00091085846444,
          167.5635247157725,
          186.12613857308054,
          204.6887524303886,
          223.25136628769667,
          241.8139801450047,
          260.37659400231274,
          278.9392078596208,
          297.5018217169289,
          316.06443557423694,
          334.627049431545,
          353.189663288853,
          371.7522771461611,
          390.31489100346914,
          408.8775048607772,
          427.4401187180853,
          446.00273257539334
        ],
        "scan_mag": [
          0.322801947654058,
          0.19171319337362688,
          0.11911365631632592,
          0.08780067247594112,
          0.06232513712688259,
          0.04694303223013156,
          0.03903963095975958,
          0.03129763924271201,
          0.02552502321657741,
          0.021000694322585448,
          0.018187927618782643,
          0.015025574747532938,
          0.012401007311028655,
          0.010723696418695238,
          0.008814549599707263,
          0.007224370928406247,
          0.0059033788159160785,
          0.005063832506133804,
          0.0041167545692887084,
          0.0033375865211021693,
          0.0028467267019173822,
          0.002297713364412702,
          0.0018503201035886142,
          0.0015707212504498193,
          0.0012603134362270383
        ],
        "scan_arg_deg": [
          -97.16197243913528,
          -3.0518301278374627,
          91.05831218346029,
          -174.8315455052419,
          -80.72140319394421,
          13.388739117353794,
          107.4988814286511,
          -158.39097626005065,
          -64.28083394875291,
          29.82930836254471,
          123.93945067384286,
          -141.9504070148595,
          -47.84026470356216,
          46.26987760773589,
          140.38001991903462,
          -125.50983776966818,
          -31.399695458370537,
          62.710446852927376,
          156.82058916422537,
          -109.06926852447731,
          -14.959126213179037,
          79.1510160981195,
          173.26115840941586,
          -92.62869927928608,
          1.4814430320110417
        ]
      },
      "delays_us": [
        1.08,
        3.24,
        5.4,
        7.57,
        11.89,
        18.38
      ],
      "trajectory": [
        {
          "C": 0.816021866268582,
          "Psi_com_re": -0.04014756944444442,
          "Psi_com_im": -0.3088107638888889,
          "CPsi_com_re": -0.03276129454420303,
          "CPsi_com_im": -0.2519963358724375,
          "CPsi_com_mag": 0.2541170118534892,
          "CPsi_com_arg_deg": -97.40730807735333,
          "t_us": 1.08,
          "rho2_real": [
            [
              0.49568684895833337,
              -0.023763020833333315,
              0.0019531250000000416,
              -0.100341796875
            ],
            [
              -0.023763020833333315,
              0.03637695312500091,
              0.002197265625,
              0.03857421874999998
            ],
            [
              0.0019531250000000416,
              0.002197265625,
              0.02661132812500092,
              0.021158854166666657
            ],
            [
              -0.100341796875,
              0.03857421874999998,
              0.021158854166666657,
              0.44132486979166674
            ]
          ],
          "rho2_imag": [
            [
              0.0,
              -0.02994791666666666,
              -0.016845703125000017,
              -0.415771484375
            ],
            [
              0.02994791666666666,
              0.0,
              -0.001708984375,
              -0.0075683593750000035
            ],
            [
              0.016845703125000017,
              0.001708984375,
              0.0,
              0.008626302083333311
            ],
            [
              0.415771484375,
              0.0075683593750000035,
              -0.008626302083333311,
              0.0
            ]
          ]
        },
        {
          "C": 0.7477306789822049,
          "Psi_com_re": -0.1078559027777777,
          "Psi_com_im": -0.2435980902777778,
          "CPsi_com_re": -0.0806471674162664,
          "CPsi_com_im": -0.18214576544217123,
          "CPsi_com_mag": 0.19920101777044655,
          "CPsi_com_arg_deg": -113.88192757431891,
          "t_us": 3.24,
          "rho2_real": [
            [
              0.49275716145833326,
              -0.009033203124999983,
              0.022867838541666727,
              -0.216552734375
            ],
            [
              -0.009033203124999983,
              0.04646809895833423,
              0.004638671875,
              0.030192057291666685
            ],
            [
              0.022867838541666727,
              0.004638671875,
              0.03214518229166757,
              0.006103515625
            ],
            [
              -0.216552734375,
              0.030192057291666685,
              0.006103515625,
              0.42862955729166663
            ]
          ],
          "rho2_imag": [
            [
              0.0,
              -0.015787760416666668,
              -0.007486979166666668,
              -0.33154296875
            ],
            [
              0.015787760416666668,
              0.0,
              0.00927734375,
              -0.013346354166666668
            ],
            [
              0.007486979166666668,
              -0.00927734375,
              0.0,
              -0.006510416666666682
            ],
            [
              0.33154296875,
              0.013346354166666668,
              0.006510416666666682,
              0.0
            ]
          ]
        },
        {
          "C": 0.7064068582322864,
          "Psi_com_re": -0.16406249999999994,
          "Psi_com_im": -0.1701388888888889,
          "CPsi_com_re": -0.11589487517873445,
          "CPsi_com_im": -0.12018727796313207,
          "CPsi_com_mag": 0.16696288173388002,
          "CPsi_com_arg_deg": -133.95837332399003,
          "t_us": 5.4,
          "rho2_real": [
            [
              0.4886067708333333,
              -0.013834635416666649,
              0.0013834635416667164,
              -0.302490234375
            ],
            [
              -0.013834635416666649,
              0.06429036458333424,
              0.012451171875,
              0.03751627604166667
            ],
            [
              0.0013834635416667164,
              0.012451171875,
              0.03238932291666753,
              0.01888020833333333
            ],
            [
              -0.302490234375,
              0.03751627604166667,
              0.01888020833333333,
              0.41471354166666663
            ]
          ],
          "rho2_imag": [
            [
              0.0,
              0.004964192708333336,
              -0.014648437500000007,
              -0.226318359375
            ],
            [
              -0.004964192708333336,
              0.0,
              -0.000732421875,
              -0.007324218749999993
            ],
            [
              0.014648437500000007,
              0.000732421875,
              0.0,
              -0.011149088541666657
            ],
            [
              0.226318359375,
              0.007324218749999993,
              0.011149088541666657,
              0.0
            ]
          ]
        },
        {
          "C": 0.7038436465793189,
          "Psi_com_re": -0.21603732638888887,
          "Psi_com_im": -0.10948350694444445,
          "CPsi_com_re": -0.15205649960280204,
          "CPsi_com_im": -0.07705927076806995,
          "CPsi_com_mag": 0.1704679156990067,
          "CPsi_com_arg_deg": -153.12499671790596,
          "t_us": 7.57,
          "rho2_real": [
            [
              0.49926757812500006,
              0.0019531249999999965,
              0.022298177083333353,
              -0.364990234375
            ],
            [
              0.0019531249999999965,
              0.058024088541667546,
              0.004150390625,
              0.01741536458333334
            ],
            [
              0.022298177083333353,
              0.004150390625,
              0.04646809895833427,
              -0.0048828124999999965
            ],
            [
              -0.364990234375,
              0.01741536458333334,
              -0.0048828124999999965,
              0.39624023437500006
            ]
          ],
          "rho2_imag": [
            [
              0.0,
              -0.0016276041666666713,
              -0.026529947916666664,
              -0.103515625
            ],
            [
              0.0016276041666666713,
              0.0,
              -0.00341796875,
              -0.007486979166666685
            ],
            [
              0.026529947916666664,
              0.00341796875,
              0.0,
              -0.021647135416666657
            ],
            [
              0.103515625,
              0.007486979166666685,
              0.021647135416666657,
              0.0
            ]
          ]
        },
        {
          "C": 0.6215856870015467,
          "Psi_com_re": -0.1731770833333333,
          "Psi_com_im": 0.07552083333333331,
          "CPsi_com_re": -0.10764439631667408,
          "CPsi_com_im": 0.046942669070429294,
          "CPsi_com_mag": 0.11743479142842224,
          "CPsi_com_arg_deg": 156.43845465222898,
          "t_us": 11.89,
          "rho2_real": [
            [
              0.49804687500000017,
              0.015218098958333313,
              0.00968424479166668,
              -0.289306640625
            ],
            [
              0.015218098958333313,
              0.06608072916666756,
              -0.002685546875,
              0.017008463541666678
            ],
            [
              0.00968424479166668,
              -0.002685546875,
              0.05989583333333423,
              -0.009684244791666645
            ],
            [
              -0.289306640625,
              0.017008463541666678,
              -0.009684244791666645,
              0.3759765625000001
            ]
          ],
          "rho2_imag": [
            [
              0.0,
              -0.001546223958333346,
              -0.020670572916666692,
              0.1640625
            ],
            [
              0.001546223958333346,
              0.0,
              -0.00634765625,
              -0.016764322916666678
            ],
            [
              0.020670572916666692,
              0.00634765625,
              0.0,
              -0.005452473958333322
            ],
            [
              -0.1640625,
              0.016764322916666678,
              0.005452473958333322,
              0.0
            ]
          ]
        },
        {
          "C": 0.54440196355184,
          "Psi_com_re": 0.03472222222222224,
          "Psi_com_im": 0.14865451388888887,
          "CPsi_com_re": 0.01890284595666112,
          "CPsi_com_im": 0.08092780925195538,
          "CPsi_com_mag": 0.0831061242964809,
          "CPsi_com_arg_deg": 76.8527576247305,
          "t_us": 18.38,
          "rho2_real": [
            [
              0.5052083333333337,
              0.010009765624999993,
              0.011881510416666685,
              0.02099609375
            ],
            [
              0.010009765624999993,
              0.07698567708333415,
              -0.00439453125,
              0.019205729166666678
            ],
            [
              0.011881510416666685,
              -0.00439453125,
              0.06852213541666748,
              -0.005615234374999993
            ],
            [
              0.02099609375,
              0.019205729166666678,
              -0.005615234374999993,
              0.34928385416666685
            ]
          ],
          "rho2_imag": [
            [
              0.0,
              -0.010742187499999997,
              -0.03108723958333334,
              0.275146484375
            ],
            [
              0.010742187499999997,
              0.0,
              -0.018310546875,
              0.0011393229166666435
            ],
            [
              0.03108723958333334,
              0.018310546875,
              0.0,
              0.006835937499999986
            ],
            [
              -0.275146484375,
              -0.0011393229166666435,
              -0.006835937499999986,
              0.0
            ]
          ]
        }
      ],
      "analysis": {
        "delta": 0.04,
        "omega_per_us": 0.25,
        "phi_0_deg": -90.0,
        "t_cross_measured_us": 1.241933617919933,
        "arg_cross_measured_deg": -98.6423982342968,
        "arg_cross_predicted_deg": -107.78938868555628,
        "arg_cross_residual_deg": 9.14699045125947
      }
    },
    "B_high": {
      "pair": {
        "qubits": [
          13,
          14
        ],
        "T1_us": [
          232.88006096245775,
          200.58640155020956
        ],
        "T2_us": [
          339.5777533677736,
          263.66101861262644
        ],
        "T2_min_us": 263.66101861262644,
        "T1_min_us": 200.58640155020956,
        "cz_err": 0.001489801709390004,
        "gate_len_ns": 68.0,
        "gamma_per_us": 0.0018963743773386741
      },
      "pred": {
        "t_cross_us": 18.586523839640357,
        "scan_ts_us": [
          0.5,
          33.43679399324497,
          66.37358798648994,
          99.3103819797349,
          132.24717597297987,
          165.18396996622485,
          198.1207639594698,
          231.05755795271477,
          263.99435194595975,
          296.9311459392047,
          329.8679399324497,
          362.8047339256947,
          395.7415279189396,
          428.6783219121846,
          461.61511590542955,
          494.5519098986745,
          527.4887038919195,
          560.4254978851644,
          593.3622918784095,
          626.2990858716544,
          659.2358798648994,
          692.1726738581443,
          725.1094678513894,
          758.0462618446343,
          790.9830558378793
        ],
        "scan_mag": [
          0.3267575945491725,
          0.1869767775442953,
          0.1258050260293004,
          0.08805658776601516,
          0.06958013086488268,
          0.05575146917162094,
          0.04611495230693022,
          0.039646345878089934,
          0.03336603739993744,
          0.02875145050920678,
          0.02407273781994374,
          0.020044021203250554,
          0.0170513294360032,
          0.014043806262555063,
          0.011840308356747962,
          0.009657800020233908,
          0.008081292326278262,
          0.006539987692366914,
          0.005274129745830133,
          0.0043753423402533775,
          0.003509733738546074,
          0.002900059669482718,
          0.002316935720163788,
          0.001847832699534822,
          0.0015202896293715744
        ],
        "scan_arg_deg": [
          -97.16197243913528,
          151.05320593467027,
          39.268384308475625,
          -72.51643731771856,
          175.69874105608704,
          63.91391942989229,
          -47.87090219630203,
          -159.65572382249616,
          88.55945455130845,
          -23.225367074885707,
          -135.0101887010805,
          113.20498967272533,
          1.4201680465323931,
          -110.36465357966382,
          137.8505247941421,
          26.06570316794768,
          -85.71911845824691,
          162.49605991556038,
          50.71123828936392,
          -61.073583336830424,
          -172.85840496302333,
          75.35677341078163,
          -36.428048215415345,
          -148.21286984160778,
          100.00230853219772
        ]
      },
      "delays_us": [
        1.86,
        5.58,
        9.29,
        13.01,
        20.45,
        31.6
      ],
      "trajectory": [
        {
          "C": 0.846167670355903,
          "Psi_com_re": -0.11859809027777776,
          "Psi_com_im": -0.2739800347222222,
          "CPsi_com_re": -0.10035386975900627,
          "CPsi_com_im": -0.23183304770493218,
          "CPsi_com_mag": 0.25262118118591115,
          "CPsi_com_arg_deg": -113.40640096266249,
          "t_us": 1.86,
          "rho2_real": [
            [
              0.49243164062500006,
              -0.010986328124999986,
              -0.0013020833333333356,
              -0.163818359375
            ],
            [
              -0.010986328124999986,
              0.02010091145833423,
              -0.010986328125,
              0.0069986979166666505
            ],
            [
              -0.0013020833333333356,
              -0.010986328125,
              0.03653971354166759,
              0.002197265625000007
            ],
            [
              -0.163818359375,
              0.0069986979166666505,
              0.002197265625000007,
              0.45092773437500006
            ]
          ],
          "rho2_imag": [
            [
              0.0,
              -0.004801432291666657,
              0.00463867187500001,
              -0.414794921875
            ],
            [
              0.004801432291666657,
              0.0,
              0.006591796875,
              -0.004638671875
            ],
            [
              -0.00463867187500001,
              -0.006591796875,
              0.0,
              0.0020345052083333287
            ],
            [
              0.414794921875,
              0.004638671875,
              -0.0020345052083333287,
              0.0
            ]
          ]
        },
        {
          "C": 0.8136431376139324,
          "Psi_com_re": -0.2648654513888889,
          "Psi_com_im": -0.13639322916666669,
          "CPsi_com_re": -0.21550595691358604,
          "CPsi_com_im": -0.1109754149284628,
          "CPsi_com_mag": 0.2424012379996952,
          "CPsi_com_arg_deg": -152.75366607634987,
          "t_us": 5.58,
          "rho2_real": [
            [
              0.48640950520833337,
              -0.013509114583333332,
              0.0030924479166666782,
              -0.387939453125
            ],
            [
              -0.013509114583333332,
              0.037841796875000916,
              -0.006591796875,
              -0.0003255208333333426
            ],
            [
              0.0030924479166666782,
              -0.006591796875,
              0.03393554687500088,
              0.007975260416666647
            ],
            [
              -0.387939453125,
              -0.0003255208333333426,
              0.007975260416666647,
              0.44181315104166663
            ]
          ],
          "rho2_imag": [
            [
              0.0,
              0.0027669270833333426,
              0.0023600260416666574,
              -0.196533203125
            ],
            [
              -0.0027669270833333426,
              0.0,
              -0.013916015625,
              0.0018717447916666574
            ],
            [
              -0.0023600260416666574,
              0.013916015625,
              0.0,
              -0.0011393229166666782
            ],
            [
              0.196533203125,
              -0.0018717447916666574,
              0.0011393229166666782,
              0.0
            ]
          ]
        },
        {
          "C": 0.7588249842325852,
          "Psi_com_re": -0.2725694444444444,
          "Psi_com_im": 0.08289930555555558,
          "CPsi_com_re": -0.20683250438284004,
          "CPsi_com_im": 0.06290606423108672,
          "CPsi_com_mag": 0.2161870897771723,
          "CPsi_com_arg_deg": 163.08337897922593,
          "t_us": 9.29,
          "rho2_real": [
            [
              0.48421223958333354,
              -0.008870442708333297,
              0.0026855468749999896,
              -0.402587890625
            ],
            [
              -0.008870442708333297,
              0.04801432291666756,
              -0.001220703125,
              -0.013427734375000003
            ],
            [
              0.0026855468749999896,
              -0.001220703125,
              0.05013020833333423,
              0.014567057291666661
            ],
            [
              -0.402587890625,
              -0.013427734375000003,
              0.014567057291666661,
              0.4176432291666668
            ]
          ],
          "rho2_imag": [
            [
              0.0,
              0.005289713541666671,
              0.004150390625000014,
              0.099365234375
            ],
            [
              -0.005289713541666671,
              0.0,
              0.006103515625,
              0.003662109375000014
            ],
            [
              -0.004150390625000014,
              -0.006103515625,
              0.0,
              0.005777994791666685
            ],
            [
              -0.099365234375,
              -0.003662109375000014,
              -0.005777994791666685,
              0.0
            ]
          ]
        },
        {
          "C": 0.7294110722011993,
          "Psi_com_re": -0.14301215277777776,
          "Psi_com_im": 0.24088541666666674,
          "CPsi_com_re": -0.10431464769544059,
          "CPsi_com_im": 0.17570449004846603,
          "CPsi_com_mag": 0.20433700973395735,
          "CPsi_com_arg_deg": 120.69733726410182,
          "t_us": 13.01,
          "rho2_real": [
            [
              0.4955240885416667,
              -0.009358723958333324,
              -0.00756835937499998,
              -0.227294921875
            ],
            [
              -0.009358723958333324,
              0.06013997395833423,
              0.010986328125,
              0.009033203125000014
            ],
            [
              -0.00756835937499998,
              0.010986328125,
              0.05314127604166752,
              0.009684244791666656
            ],
            [
              -0.227294921875,
              0.009033203125000014,
              0.009684244791666656,
              0.3911946614583334
            ]
          ],
          "rho2_imag": [
            [
              0.0,
              0.009358723958333363,
              0.014811197916666671,
              0.331298828125
            ],
            [
              -0.009358723958333363,
              0.0,
              -0.000244140625,
              0.005045572916666685
            ],
            [
              -0.014811197916666671,
              0.000244140625,
              0.0,
              0.0010579427083333565
            ],
            [
              -0.331298828125,
              -0.005045572916666685,
              -0.0010579427083333565,
              0.0
            ]
          ]
        },
        {
          "C": 0.6488708919949007,
          "Psi_com_re": 0.16612413194444442,
          "Psi_com_im": 0.18956163194444442,
          "CPsi_com_re": 0.10779311367667023,
          "CPsi_com_im": 0.12300102520780071,
          "CPsi_com_mag": 0.1635500154640212,
          "CPsi_com_arg_deg": 48.76998867238581,
          "t_us": 20.45,
          "rho2_real": [
            [
              0.4901529947916668,
              -0.004720052083333311,
              -0.0015462239583333374,
              0.25439453125
            ],
            [
              -0.004720052083333311,
              0.0819498697916675,
              0.00146484375,
              -0.005940755208333344
            ],
            [
              -0.0015462239583333374,
              0.00146484375,
              0.06404622395833416,
              0.005533854166666657
            ],
            [
              0.25439453125,
              -0.005940755208333344,
              0.005533854166666657,
              0.3638509114583335
            ]
          ],
          "rho2_imag": [
            [
              0.0,
              0.007812500000000002,
              -0.0035807291666666626,
              0.259765625
            ],
            [
              -0.007812500000000002,
              0.0,
              0.0078125,
              0.016438802083333336
            ],
            [
              0.0035807291666666626,
              -0.0078125,
              0.0,
              -0.0039062499999999983
            ],
            [
              -0.259765625,
              -0.016438802083333336,
              0.0039062499999999983,
              0.0
            ]
          ]
        },
        {
          "C": 0.5788612895541725,
          "Psi_com_re": 0.022352430555555552,
          "Psi_com_im": -0.19650607638888887,
          "CPsi_com_re": 0.012938956776058975,
          "CPsi_com_im": -0.11374976078370294,
          "CPsi_com_mag": 0.11448329433066803,
          "CPsi_com_arg_deg": -83.51053755157733,
          "t_us": 31.6,
          "rho2_real": [
            [
              0.5074055989583334,
              -0.004069010416666678,
              -0.0028483072916666644,
              0.06201171875
            ],
            [
              -0.004069010416666678,
              0.09041341145833415,
              -0.01123046875,
              -0.004313151041666664
            ],
            [
              -0.0028483072916666644,
              -0.01123046875,
              0.07413736979166752,
              -0.006022135416666664
            ],
            [
              0.06201171875,
              -0.004313151041666664,
              -0.006022135416666664,
              0.32804361979166674
            ]
          ],
          "rho2_imag": [
            [
              0.0,
              0.010904947916666671,
              -0.0017903645833333079,
              -0.3095703125
            ],
            [
              -0.010904947916666671,
              0.0,
              -0.0029296875,
              0.0060221354166666505
            ],
            [
              0.0017903645833333079,
              0.0029296875,
              0.0,
              0.0026041666666666782
            ],
            [
              0.3095703125,
              -0.0060221354166666505,
              -0.0026041666666666782,
              0.0
            ]
          ]
        }
      ],
      "analysis": {
        "delta": 0.04,
        "omega_per_us": 0.25,
        "phi_0_deg": -90.0,
        "t_cross_measured_us": 2.8140947375070313,
        "arg_cross_measured_deg": -123.49807262402355,
        "arg_cross_predicted_deg": -130.30893790228203,
        "arg_cross_residual_deg": 6.8108652782584755
      }
    }
  },
  "cal_snapshot_start": {
    "82": {
      "T1_us": 174.43704383245824,
      "T2_us": 188.82726579529458,
      "sq_ns": 32.0,
      "operational": true
    },
    "83": {
      "T1_us": 227.17456265064666,
      "T2_us": 148.66757752513112,
      "sq_ns": 32.0,
      "operational": true
    },
    "13": {
      "T1_us": 232.88006096245775,
      "T2_us": 339.5777533677736,
      "sq_ns": 32.0,
      "operational": true
    },
    "14": {
      "T1_us": 200.58640155020956,
      "T2_us": 263.66101861262644,
      "sq_ns": 32.0,
      "operational": true
    }
  },
  "cal_snapshot_end": {
    "82": {
      "T1_us": 174.43704383245824,
      "T2_us": 188.82726579529458,
      "sq_ns": 32.0,
      "operational": true
    },
    "83": {
      "T1_us": 227.17456265064666,
      "T2_us": 148.66757752513112,
      "sq_ns": 32.0,
      "operational": true
    },
    "13": {
      "T1_us": 232.88006096245775,
      "T2_us": 339.5777533677736,
      "sq_ns": 32.0,
      "operational": true
    },
    "14": {
      "T1_us": 200.58640155020956,
      "T2_us": 263.66101861262644,
      "sq_ns": 32.0,
      "operational": true
    }
  },
  "drift_report": {
    "82": {
      "T2_start": 188.82726579529458,
      "T2_end": 188.82726579529458,
      "pct": 0.0
    },
    "83": {
      "T2_start": 148.66757752513112,
      "T2_end": 148.66757752513112,
      "pct": 0.0
    },
    "13": {
      "T2_start": 339.5777533677736,
      "T2_end": 339.5777533677736,
      "pct": 0.0
    },
    "14": {
      "T2_start": 263.66101861262644,
      "T2_end": 263.66101861262644,
      "pct": 0.0
    }
  }
}