N=2  Q*_XY = 1.0000000
    delta          Q     Re/(-2g)        Re+2g       |Im|  Im^2/(Q-Q*)         w2  Re/(-2g)-2w2
    1.000    2.00000   1.00000000   +3.331e-16   1.732051     3.000000   0.500000    -1.110e-16
    0.500    1.50000   1.00000000   -8.882e-16   1.490712     4.444444   0.500000    +4.441e-16
    0.200    1.20000   1.00000000   +0.000e+00   1.105542     6.111111   0.500000    -4.441e-16
    0.100    1.10000   1.00000000   +1.110e-15   0.833196     6.942149   0.500000    -8.882e-16
    0.050    1.05000   1.00000000   +4.441e-16   0.609821     7.437642   0.500000    +0.000e+00
    0.020    1.02000   1.00000000   +1.332e-15   0.394113     7.766244   0.500000    +0.000e+00
    0.010    1.01000   1.00000000   -4.441e-16   0.280742     7.881580   0.500000    -6.661e-16
    0.005    1.00500   1.00000000   +2.220e-15   0.199254     7.940398   0.500000    -7.772e-16
    0.002    1.00200   1.00000000   +3.553e-15   0.126302     7.976064   0.500000    -2.220e-16
    0.001    1.00100   1.00000000   -1.776e-15   0.089376     7.988016   0.500000    +4.441e-16
   -0.001    0.99900  real branches Re/(-2g): 0.955290, 1.044710, 2.000000
   -0.010    0.99000  real branches Re/(-2g): 0.858933, 1.141067, 2.000000
   -0.100    0.90000  real branches Re/(-2g): 0.564110, 1.435890, 2.000000
N=3  Q*_XY = 1.4142136
    delta          Q     Re/(-2g)        Re+2g       |Im|  Im^2/(Q-Q*)         w2  Re/(-2g)-2w2
    1.000    2.82843   1.00000000   +1.221e-15   1.224745     1.060660   0.500000    -1.332e-15
    0.500    2.12132   1.00000000   -2.554e-15   1.054093     1.571348   0.500000    +2.442e-15
    0.200    1.69706   1.00000000   -1.554e-15   0.781736     2.160604   0.500000    +8.882e-16
    0.100    1.55563   1.00000000   -6.661e-16   0.589158     2.454420   0.500000    +6.661e-16
    0.050    1.48492   1.00000000   -2.220e-15   0.431209     2.629603   0.500000    +1.332e-15
    0.020    1.44250   1.00000000   +1.110e-15   0.278680     2.745782   0.500000    -2.554e-15
    0.010    1.42836   1.00000000   +1.110e-15   0.198514     2.786559   0.500000    -9.992e-16
    0.005    1.42128   1.00000000   +8.882e-16   0.140894     2.807354   0.500000    -6.661e-16
    0.002    1.41704   1.00000000   +8.882e-16   0.089309     2.819964   0.500000    +1.554e-15
    0.001    1.41563   1.00000000   +1.776e-15   0.063198     2.824190   0.500000    -1.665e-15
   -0.001    1.41280  real branches Re/(-2g): 0.955290, 1.044710, 1.360686
   -0.010    1.40007  real branches Re/(-2g): 0.858933, 1.141067, 1.356833
   -0.100    1.27279  real branches Re/(-2g): 0.564110, 1.305761, 1.435890
N=4  Q*_XY = 1.8787383
    delta          Q     Re/(-2g)        Re+2g       |Im|  Im^2/(Q-Q*)         w2  Re/(-2g)-2w2
    1.000    3.75748   1.05506874   -2.931e-02   0.912383     0.443086   0.527534    +1.554e-15
    0.500    2.81811   1.03200801   -2.272e-02   0.788998     0.662698   0.516004    +0.000e+00
    0.200    2.25449   1.02070465   -1.837e-02   0.586373     0.915063   0.510352    -4.441e-16
    0.100    2.06661   1.01744180   -1.688e-02   0.442180     1.040716   0.508721    -1.110e-15
    0.050    1.97268   1.01590991   -1.613e-02   0.323722     1.115601   0.507955    +2.220e-16
    0.020    1.91631   1.01502310   -1.568e-02   0.209246     1.165252   0.507512    -4.441e-16
    0.010    1.89753   1.01473293   -1.553e-02   0.149062     1.182677   0.507366    -8.882e-16
    0.005    1.88813   1.01458886   -1.545e-02   0.105798     1.191563   0.507294    +1.998e-15
    0.002    1.88250   1.01450274   -1.541e-02   0.067064     1.196951   0.507251    +1.554e-15
    0.001    1.88062   1.01447409   -1.539e-02   0.047457     1.198757   0.507237    -8.882e-16
   -0.001    1.87686  real branches Re/(-2g): 0.969815, 1.059019, 1.520646
   -0.010    1.85995  real branches Re/(-2g): 0.873428, 1.154894, 1.518621
   -0.100    1.69086  real branches Re/(-2g): 0.576681, 1.446762, 1.492404
N=5  Q*_XY = 2.3736707
    delta          Q     Re/(-2g)        Re+2g       |Im|  Im^2/(Q-Q*)         w2  Re/(-2g)-2w2
    1.000    4.74734   1.14997292   -6.318e-02   0.709850     0.212282   0.574986    -1.554e-15
    0.500    3.56051   1.08259355   -4.639e-02   0.620632     0.324547   0.541297    +8.882e-16
    0.200    2.84840   1.05166823   -3.628e-02   0.462653     0.450878   0.525834    -6.661e-16
    0.100    2.61104   1.04310754   -3.302e-02   0.349118     0.513482   0.521554    +0.000e+00
    0.050    2.49235   1.03914476   -3.141e-02   0.255665     0.550747   0.519572    -2.220e-16
    0.020    2.42114   1.03686702   -3.045e-02   0.165282     0.575443   0.518434    -1.332e-15
    0.010    2.39741   1.03612428   -3.014e-02   0.117749     0.584108   0.518062    -1.110e-15
    0.005    2.38554   1.03575599   -2.998e-02   0.083575     0.588526   0.517878    +6.661e-16
    0.002    2.37842   1.03553600   -2.988e-02   0.052978     0.591205   0.517768    +1.110e-15
    0.001    2.37604   1.03546284   -2.985e-02   0.037489     0.592103   0.517731    -2.220e-15
   -0.001    2.37130  real branches Re/(-2g): 0.990800, 1.079834, 1.613634
   -0.010    2.34993  real branches Re/(-2g): 0.894193, 1.175133, 1.612350
   -0.100    2.13630  real branches Re/(-2g): 0.594090, 1.462892, 1.596032
N=6  Q*_XY = 2.8892528
    delta          Q     Re/(-2g)        Re+2g       |Im|  Im^2/(Q-Q*)         w2  Re/(-2g)-2w2
    1.000    5.77851   1.27551825   -9.536e-02   0.565443     0.110660   0.637759    -3.331e-15
    0.500    4.33388   1.14417252   -6.653e-02   0.507454     0.178254   0.572086    -6.661e-16
    0.200    3.46710   1.08690465   -5.013e-02   0.379511     0.249250   0.543452    +2.442e-15
    0.100    3.17818   1.07186458   -4.522e-02   0.286515     0.284124   0.535932    -1.998e-15
    0.050    3.03372   1.06500437   -4.285e-02   0.209857     0.304852   0.532502    -1.332e-15
    0.020    2.94704   1.06108860   -4.146e-02   0.135680     0.318580   0.530544    -1.110e-15
    0.010    2.91815   1.05981591   -4.100e-02   0.096663     0.323396   0.529908    +0.000e+00
    0.005    2.90370   1.05918560   -4.077e-02   0.068610     0.325851   0.529593    -2.887e-15
    0.002    2.89503   1.05880933   -4.063e-02   0.043492     0.327340   0.529405    -2.220e-15
    0.001    2.89214   1.05868423   -4.058e-02   0.030777     0.327839   0.529342    -2.220e-16
   -0.001    2.88636  real branches Re/(-2g): 1.013950, 1.102919, 1.675412
   -0.010    2.86036  real branches Re/(-2g): 0.916948, 1.197689, 1.674503
   -0.100    2.60033  real branches Re/(-2g): 0.612670, 1.481029, 1.663084
N=8  Q*_XY = 3.9616179
    delta          Q     Re/(-2g)        Re+2g       |Im|  Im^2/(Q-Q*)         w2  Re/(-2g)-2w2
    1.000    7.92324   2.00000000   -2.524e-01   0.347296     0.030446   1.000000    +4.441e-16
    0.500    5.94243   2.00000000   -3.366e-01   0.347296     0.060892   1.000000    -1.998e-15
    0.200    4.75394   1.15950154   -6.710e-02   0.277483     0.097178   0.579751    +1.110e-15
    0.100    4.35778   1.12981154   -5.958e-02   0.209403     0.110686   0.564906    +2.887e-15
    0.050    4.15970   1.11667069   -5.610e-02   0.153345     0.118712   0.558335    -2.220e-16
    0.020    4.04085   1.10926568   -5.408e-02   0.099131     0.124028   0.554633    -3.775e-15
    0.010    4.00123   1.10687287   -5.342e-02   0.070621     0.125893   0.553436    -1.776e-15
    0.005    3.98143   1.10569025   -5.309e-02   0.050125     0.126843   0.552845    +2.887e-15
    0.002    3.96954   1.10498504   -5.290e-02   0.031774     0.127420   0.552493    +1.998e-15
    0.001    3.96558   1.10475070   -5.283e-02   0.022485     0.127613   0.552375    +8.882e-16
   -0.001    3.95766  real branches Re/(-2g): 1.059722, 1.148844, 1.753252
   -0.010    3.92200  real branches Re/(-2g): 0.961590, 1.242803, 1.752702
   -0.100    3.56546  real branches Re/(-2g): 0.648079, 1.517615, 1.745886
