{
  "N": 5,
  "bond": 0,
  "gamma_0": 0.05,
  "J": 1.0,
  "dJ": 0.01,
  "times_sampled": [
    0.0,
    8.8,
    17.6,
    26.400000000000002,
    35.2,
    44.400000000000006,
    53.2,
    62.0,
    70.8,
    80.0
  ],
  "C_A_sampled": [
    [
      [
        0.961805555555555,
        0.9159187836487027,
        0.8888888888888887,
        0.915918783648703,
        0.9618055555555554
      ],
      [
        0.9159187836487027,
        0.9062499999999996,
        0.8943375672974062,
        0.9062499999999997,
        0.9159187836487029
      ],
      [
        0.8888888888888888,
        0.8943375672974062,
        0.888888888888889,
        0.8943375672974065,
        0.8888888888888888
      ],
      [
        0.915918783648703,
        0.9062499999999997,
        0.8943375672974064,
        0.90625,
        0.9159187836487032
      ],
      [
        0.9618055555555554,
        0.9159187836487029,
        0.8888888888888888,
        0.9159187836487033,
        0.9618055555555557
      ]
    ],
    [
      [
        0.8488545672646539,
        0.8388078244264452,
        0.8315083174282288,
        0.838807824426446,
        0.8488545672646537
      ],
      [
        0.8388078244264452,
        0.8332872964113007,
        0.8278066326340924,
        0.8332872964113018,
        0.838807824426445
      ],
      [
        0.8315083174282291,
        0.8278066326340924,
        0.8230894543106573,
        0.8278066326340934,
        0.8315083174282288
      ],
      [
        0.8388078244264461,
        0.8332872964113018,
        0.8278066326340933,
        0.8332872964113028,
        0.8388078244264457
      ],
      [
        0.8488545672646535,
        0.8388078244264449,
        0.8315083174282287,
        0.8388078244264457,
        0.8488545672646534
      ]
    ],
    [
      [
        0.825779326543954,
        0.8233657420119977,
        0.8222403747958669,
        0.8233657420119981,
        0.8257793265439545
      ],
      [
        0.8233657420119976,
        0.8216469757260801,
        0.8207784018833297,
        0.8216469757260807,
        0.823365742011998
      ],
      [
        0.822240374795867,
        0.8207784018833298,
        0.8200049061935037,
        0.8207784018833303,
        0.8222403747958674
      ],
      [
        0.8233657420119982,
        0.8216469757260807,
        0.8207784018833304,
        0.8216469757260811,
        0.8233657420119986
      ],
      [
        0.8257793265439545,
        0.823365742011998,
        0.8222403747958674,
        0.8233657420119986,
        0.8257793265439547
      ]
    ],
    [
      [
        0.8215689364200932,
        0.8207748579909017,
        0.8202844705619923,
        0.820774857990902,
        0.8215689364200934
      ],
      [
        0.8207748579909016,
        0.8200972938631886,
        0.8196501437192866,
        0.8200972938631891,
        0.820774857990902
      ],
      [
        0.8202844705619923,
        0.8196501437192866,
        0.8192191596503625,
        0.8196501437192869,
        0.8202844705619927
      ],
      [
        0.820774857990902,
        0.8200972938631892,
        0.8196501437192868,
        0.8200972938631894,
        0.8207748579909024
      ],
      [
        0.8215689364200934,
        0.820774857990902,
        0.8202844705619927,
        0.8207748579909024,
        0.8215689364200938
      ]
    ],
    [
      [
        0.8202674172705149,
        0.8201153294339354,
        0.8200841615503757,
        0.8201153294339357,
        0.8202674172705149
      ],
      [
        0.8201153294339354,
        0.8199829045597852,
        0.8199589201395291,
        0.8199829045597854,
        0.8201153294339355
      ],
      [
        0.8200841615503757,
        0.8199589201395291,
        0.8199375619163821,
        0.8199589201395295,
        0.8200841615503758
      ],
      [
        0.8201153294339357,
        0.8199829045597854,
        0.8199589201395295,
        0.8199829045597858,
        0.8201153294339357
      ],
      [
        0.8202674172705149,
        0.8201153294339355,
        0.8200841615503759,
        0.8201153294339357,
        0.820267417270515
      ]
    ],
    [
      [
        0.8200794758256709,
        0.8200333918335355,
        0.8200017238851598,
        0.8200333918335357,
        0.820079475825671
      ],
      [
        0.8200333918335355,
        0.8199904227188718,
        0.8199598972219286,
        0.8199904227188719,
        0.8200333918335356
      ],
      [
        0.8200017238851599,
        0.8199598972219286,
        0.8199297914273737,
        0.819959897221929,
        0.82000172388516
      ],
      [
        0.8200333918335357,
        0.8199904227188719,
        0.819959897221929,
        0.8199904227188722,
        0.820033391833536
      ],
      [
        0.820079475825671,
        0.8200333918335356,
        0.82000172388516,
        0.820033391833536,
        0.8200794758256712
      ]
    ],
    [
      [
        0.8200093864809908,
        0.8200035658497421,
        0.8200025128960907,
        0.8200035658497424,
        0.8200093864809909
      ],
      [
        0.8200035658497421,
        0.8199982798897747,
        0.8199974226173369,
        0.8199982798897751,
        0.8200035658497422
      ],
      [
        0.8200025128960907,
        0.8199974226173369,
        0.8199966369647488,
        0.8199974226173372,
        0.8200025128960908
      ],
      [
        0.8200035658497424,
        0.8199982798897751,
        0.8199974226173372,
        0.8199982798897755,
        0.8200035658497425
      ],
      [
        0.8200093864809909,
        0.8200035658497422,
        0.8200025128960908,
        0.8200035658497425,
        0.820009386480991
      ]
    ],
    [
      [
        0.8200038105979889,
        0.8200015494797862,
        0.8199996581923541,
        0.8200015494797865,
        0.820003810597989
      ],
      [
        0.8200015494797862,
        0.8199993803437614,
        0.8199975227320765,
        0.8199993803437617,
        0.8200015494797862
      ],
      [
        0.8199996581923541,
        0.8199975227320765,
        0.8199956774530099,
        0.8199975227320769,
        0.8199996581923542
      ],
      [
        0.8200015494797865,
        0.8199993803437617,
        0.8199975227320769,
        0.8199993803437621,
        0.8200015494797867
      ],
      [
        0.820003810597989,
        0.8200015494797862,
        0.8199996581923542,
        0.8200015494797867,
        0.8200038105979889
      ]
    ],
    [
      [
        0.8200006796496994,
        0.8200002360913977,
        0.8200000142025291,
        0.820000236091398,
        0.8200006796496996
      ],
      [
        0.8200002360913977,
        0.8199998083557706,
        0.8199995922584896,
        0.8199998083557709,
        0.8200002360913978
      ],
      [
        0.8200000142025291,
        0.8199995922584896,
        0.8199993782811197,
        0.8199995922584901,
        0.8200000142025293
      ],
      [
        0.820000236091398,
        0.8199998083557709,
        0.8199995922584901,
        0.8199998083557712,
        0.8200002360913983
      ],
      [
        0.8200006796496996,
        0.8200002360913978,
        0.8200000142025293,
        0.8200002360913983,
        0.8200006796496998
      ]
    ],
    [
      [
        0.8200002191262996,
        0.820000072200555,
        0.8199999884383568,
        0.8200000722005553,
        0.8200002191262998
      ],
      [
        0.820000072200555,
        0.8199999277876902,
        0.8199998449452839,
        0.8199999277876904,
        0.8200000722005552
      ],
      [
        0.8199999884383568,
        0.8199998449452839,
        0.8199997624395529,
        0.8199998449452842,
        0.819999988438357
      ],
      [
        0.8200000722005553,
        0.8199999277876904,
        0.8199998449452842,
        0.8199999277876908,
        0.8200000722005555
      ],
      [
        0.8200002191262998,
        0.8200000722005552,
        0.819999988438357,
        0.8200000722005555,
        0.8200002191263
      ]
    ]
  ],
  "dC_dJ_sampled": [
    [
      [
        5.551115123125783e-15,
        -5.551115123125783e-15,
        -1.1102230246251565e-14,
        5.551115123125783e-15,
        0.0
      ],
      [
        -5.551115123125783e-15,
        -1.1102230246251565e-14,
        -1.6653345369377348e-14,
        -1.1102230246251565e-14,
        -1.6653345369377348e-14
      ],
      [
        -5.551115123125783e-15,
        -2.220446049250313e-14,
        -1.6653345369377348e-14,
        -1.6653345369377348e-14,
        -1.1102230246251565e-14
      ],
      [
        0.0,
        -1.6653345369377348e-14,
        -1.1102230246251565e-14,
        -5.551115123125783e-15,
        -5.551115123125783e-15
      ],
      [
        0.0,
        -1.6653345369377348e-14,
        -1.6653345369377348e-14,
        -5.551115123125783e-15,
        -1.1102230246251565e-14
      ]
    ],
    [
      [
        -0.016547005907951995,
        0.007686832918701869,
        0.023990747373520138,
        -0.011276059592824073,
        -0.026577809928363116
      ],
      [
        0.00768683291870742,
        0.022288311867479926,
        0.03252766773562121,
        0.004443533032277847,
        -0.0024315472135161276
      ],
      [
        0.023990747373514587,
        0.03252766773561011,
        0.03940972998319192,
        0.015294942732874128,
        0.013937537470132266
      ],
      [
        -0.011276059592824073,
        0.004443533032283398,
        0.015294942732863026,
        -0.013403271086948054,
        -0.021395320975570176
      ],
      [
        -0.026577809928363116,
        -0.0024315472135105765,
        0.013937537470132266,
        -0.021395320975575727,
        -0.03660930553697206
      ]
    ],
    [
      [
        -0.0025748335349018436,
        0.006916159325787152,
        -0.001095764380798503,
        -0.0032472190520993482,
        -0.0053375917618059265
      ],
      [
        0.006916159325792703,
        0.015587182511644926,
        0.0074303659620023055,
        0.005633318878039972,
        0.003902409249711969
      ],
      [
        -0.001095764380804054,
        0.007430365962007857,
        -0.0007054158973451852,
        -0.002439241037133222,
        -0.004199687663808405
      ],
      [
        -0.003247219052088246,
        0.005633318878034421,
        -0.0024392410371276707,
        -0.004321252132105657,
        -0.0062616739749887795
      ],
      [
        -0.0053375917618059265,
        0.003902409249711969,
        -0.004199687663808405,
        -0.006261673974983228,
        -0.008101386327613591
      ]
    ],
    [
      [
        -0.0017405630013289652,
        0.002090809058169496,
        0.0004460735565481322,
        -0.0016075518190772353,
        -0.0031177848186014767
      ],
      [
        0.002090809058163945,
        0.005696154238310491,
        0.003955704386127135,
        0.002016709948354789,
        0.0006433780791625932
      ],
      [
        0.0004460735565481322,
        0.0039557043861215835,
        0.0021791975672758035,
        0.0002854075111302645,
        -0.0010264578425678295
      ],
      [
        -0.0016075518190827864,
        0.002016709948349238,
        0.0002854075111302645,
        -0.0016628751031200206,
        -0.0030553233245578237
      ],
      [
        -0.0031177848186014767,
        0.000643378079157042,
        -0.0010264578425733806,
        -0.0030553233245522726,
        -0.004495525410802559
      ]
    ],
    [
      [
        7.692037357065473e-05,
        0.0005035155916099932,
        0.000567325168210342,
        -0.0005470985510513948,
        -0.0003293356213796006
      ],
      [
        0.0005035155916099932,
        0.0008971717750549946,
        0.0009409097422585777,
        -0.00015799698839247256,
        8.281481534422319e-05
      ],
      [
        0.0005673251682158931,
        0.0009409097422585777,
        0.0009743272377793488,
        -0.00011604269228304709,
        0.00014125527558195294
      ],
      [
        -0.0005470985510513948,
        -0.00015799698839247256,
        -0.00011604269227749597,
        -0.0012132391805586007,
        -0.0009679053536493232
      ],
      [
        -0.0003293356213796006,
        8.281481534422319e-05,
        0.00014125527558195294,
        -0.0009679053536493232,
        -0.0007357126956653026
      ]
    ],
    [
      [
        6.368627093467083e-05,
        6.642468114992361e-05,
        6.233967122515338e-05,
        -6.880122198626992e-05,
        5.0272669316342444e-05
      ],
      [
        6.642468114992361e-05,
        6.501994968544089e-05,
        5.709998699421348e-05,
        -7.369744612906182e-05,
        4.799751842088362e-05
      ],
      [
        6.233967122515338e-05,
        5.709998699421348e-05,
        4.6920585167198325e-05,
        -8.290406512956316e-05,
        4.206169448295327e-05
      ],
      [
        -6.880122198626992e-05,
        -7.369744612906182e-05,
        -8.290406512956316e-05,
        -0.00021244300932865556,
        -8.726070928610774e-05
      ],
      [
        5.0272669316342444e-05,
        4.799751842088362e-05,
        4.2061694477402156e-05,
        -8.726070928610774e-05,
        3.68254734872675e-05
      ]
    ],
    [
      [
        -4.704231882368681e-05,
        -3.303035903678975e-05,
        5.618451488498266e-05,
        -4.4681276639702006e-05,
        -4.5663147374419566e-05
      ],
      [
        -3.303035903678975e-05,
        -1.9825416203156365e-05,
        6.842719795230323e-05,
        -3.237146674606173e-05,
        -3.26223484781174e-05
      ],
      [
        5.618451488498266e-05,
        6.842719795230323e-05,
        0.00015608020314528126,
        5.554751824066173e-05,
        5.6232008588397164e-05
      ],
      [
        -4.4681276639702006e-05,
        -3.237146674606173e-05,
        5.554751824066173e-05,
        -4.4926341019602134e-05,
        -4.42803020750393e-05
      ],
      [
        -4.5663147374419566e-05,
        -3.26223484781174e-05,
        5.6232008588397164e-05,
        -4.42803020750393e-05,
        -4.428877601880821e-05
      ]
    ],
    [
      [
        5.289505405903228e-06,
        7.802966789371979e-06,
        -2.2235600510844833e-05,
        1.108295890617228e-05,
        1.1653387599341869e-05
      ],
      [
        7.802966789371979e-06,
        1.0297145469628788e-05,
        -1.9848622284657225e-05,
        1.3383505226283177e-05,
        1.3968342754688834e-05
      ],
      [
        -2.2235600510844833e-05,
        -1.9848622284657225e-05,
        -5.007042858107269e-05,
        -1.683392772955372e-05,
        -1.614351508583134e-05
      ],
      [
        1.108295890617228e-05,
        1.3383505226283177e-05,
        -1.683392772955372e-05,
        1.6468134123037714e-05,
        1.724689313031824e-05
      ],
      [
        1.1653387599341869e-05,
        1.3968342754688834e-05,
        -1.614351508583134e-05,
        1.724689313031824e-05,
        1.8016088293437704e-05
      ]
    ],
    [
      [
        -2.2953653222579362e-05,
        -9.447755594527152e-06,
        1.6134634905906609e-06,
        -7.097881965512087e-06,
        -1.935896946081428e-05
      ],
      [
        -9.447755594527152e-06,
        4.024955974069044e-06,
        1.5046940060603475e-05,
        6.336932267814177e-06,
        -5.895702920311052e-06
      ],
      [
        1.6134634905906609e-06,
        1.5046940060603475e-05,
        2.604456082466733e-05,
        1.7344900515858797e-05,
        5.149721721275924e-06
      ],
      [
        -7.097881965512087e-06,
        6.336932267814177e-06,
        1.7344900515858797e-05,
        8.64869350025721e-06,
        -3.5461134528791405e-06
      ],
      [
        -1.935896946081428e-05,
        -5.895702920311052e-06,
        5.149721721275924e-06,
        -3.5461134528791405e-06,
        -1.576466140962296e-05
      ]
    ],
    [
      [
        -2.8951381847441837e-07,
        -8.154299235840767e-07,
        -3.710251644806206e-06,
        2.0574649761684327e-06,
        2.0503993114484587e-06
      ],
      [
        -8.154299235840767e-07,
        -1.3422790046124788e-06,
        -4.241734347099069e-06,
        1.5218582505305278e-06,
        1.5149727472518748e-06
      ],
      [
        -3.710251644806206e-06,
        -4.241734347099069e-06,
        -7.144452124352441e-06,
        -1.380805469963775e-06,
        -1.3833418410769127e-06
      ],
      [
        2.0574649761684327e-06,
        1.5218582505305278e-06,
        -1.380805469963775e-06,
        4.385970203690803e-06,
        4.3878235211902705e-06
      ],
      [
        2.0503993114484587e-06,
        1.5149727472518748e-06,
        -1.3833418410769127e-06,
        4.3878235211902705e-06,
        4.39024570031421e-06
      ]
    ]
  ],
  "max_per_dist_time_series": [
    [
      1.6653345369377348e-14,
      2.220446049250313e-14,
      1.6653345369377348e-14,
      1.6653345369377348e-14,
      0.0
    ],
    [
      0.011541724920199892,
      0.004372197272123346,
      0.01144175890238075,
      0.0009438384091620122,
      0.005802630088053151
    ],
    [
      0.04258182565460289,
      0.015919433103550595,
      0.03594461638940505,
      0.003739574363742504,
      0.02162218609364497
    ],
    [
      0.07871937177289512,
      0.029670418269089893,
      0.05815779085889261,
      0.011419398064155262,
      0.03995233172741641
    ],
    [
      0.10374825065055382,
      0.044174317660949924,
      0.06807691544329919,
      0.025907172538164325,
      0.050713355961862217
    ],
    [
      0.11101587783072242,
      0.060575122161504735,
      0.06368857167347586,
      0.04665645417407105,
      0.04780594804593141
    ],
    [
      0.10499373768907416,
      0.0795675645193672,
      0.04863084110917626,
      0.06405206906820449,
      0.03250145398213111
    ],
    [
      0.09493369124908835,
      0.0888870762648597,
      0.029078547993699466,
      0.07222373770083834,
      0.012266956109557858
    ],
    [
      0.09839480291093383,
      0.09329190057376091,
      0.011902685811543412,
      0.07498904457755584,
      0.0030416559287871348
    ],
    [
      0.09975032786453397,
      0.09734390434847362,
      0.006567702485843485,
      0.07789925006772558,
      0.00583835281395273
    ],
    [
      0.10658184858858832,
      0.09904357678419684,
      0.005012799808890023,
      0.0804528436219143,
      0.005112122999095803
    ],
    [
      0.11626922794196748,
      0.09579891412171415,
      0.014533913162834144,
      0.08021948762296227,
      0.023547435140081063
    ],
    [
      0.11505134585845789,
      0.0901365441221269,
      0.02722378310167084,
      0.07816347155502057,
      0.03913520939765047
    ],
    [
      0.09879456191865255,
      0.07812828611113987,
      0.03631424493905633,
      0.06902870152041274,
      0.04362952292051303
    ],
    [
      0.08010272750617053,
      0.061878157743228135,
      0.03789287343807235,
      0.05533650086471664,
      0.03540274814664013
    ],
    [
      0.05138806137660046,
      0.04416465993091201,
      0.031737308547058474,
      0.04147028302391442,
      0.01957130945154928
    ],
    [
      0.03741439418217807,
      0.026695348927430196,
      0.02082212865341937,
      0.029810628244619775,
      0.004479685191338678
    ],
    [
      0.020407373609593327,
      0.01243228633607818,
      0.009750162536409368,
      0.021922221897735517,
      0.002843091264842501
    ],
    [
      0.009949212927418127,
      0.004008080641410006,
      0.013750988661054286,
      0.015603905351641023,
      3.097752677705401e-05
    ],
    [
      0.02191000842561297,
      0.013804915080095626,
      0.014544383230802316,
      0.005787496150017057,
      0.010193273405706416
    ],
    [
      0.03388984215210722,
      0.02227151889725998,
      0.0144944030352534,
      0.004121008973168028,
      0.0214084681408655
    ],
    [
      0.03954810277035925,
      0.03141722590479512,
      0.01691195010906088,
      0.01017280824165967,
      0.02772583351052793
    ],
    [
      0.03940972998319192,
      0.03252766773562121,
      0.023990747373520138,
      0.011276059592824073,
      0.026577809928363116
    ],
    [
      0.04001554661883233,
      0.026394690808922983,
      0.025128565890952803,
      0.009233297024724418,
      0.01960872743508868
    ],
    [
      0.02927681835016016,
      0.01648116118357912,
      0.01857194046679389,
      0.006145622633946246,
      0.011052060257554785
    ],
    [
      0.015292025862745362,
      0.006324979098715211,
      0.009577593421533637,
      0.002424451108445913,
      0.005013574082912697
    ],
    [
      0.021565106933441047,
      0.013326259130286289,
      0.005718752188693665,
      0.002612321904582604,
      0.003419237350132942
    ],
    [
      0.029477455323817514,
      0.023269734157915778,
      0.012971525772326187,
      0.008705186853347202,
      0.0056069287863391715
    ],
    [
      0.042928506863004756,
      0.030428594958453736,
      0.013010566460297524,
      0.01382218497065768,
      0.00935818545252931
    ],
    [
      0.04886051040600692,
      0.035351990057180815,
      0.008633012962605546,
      0.017422623478191568,
      0.012427890311816903
    ],
    [
      0.046992393204742244,
      0.04064099383094821,
      0.014823370137689862,
      0.02139711456363158,
      0.013641746168258084
    ],
    [
      0.04480669111595059,
      0.042353791376936734,
      0.020794656824285607,
      0.022291686656678023,
      0.013114257037860622
    ],
    [
      0.0442555595329186,
      0.04072794475334374,
      0.021207903318715138,
      0.021479817765795994,
      0.011691265056823497
    ],
    [
      0.03976005878318367,
      0.03627931801832851,
      0.015682813032374954,
      0.019965256135195952,
      0.010125035357672063
    ],
    [
      0.03994311103286963,
      0.02959256356744322,
      0.006920462604564914,
      0.01757210059568637,
      0.008599979350759623
    ],
    [
      0.03796739384347991,
      0.023095051875299255,
      0.007634162175645942,
      0.015370384032464823,
      0.00691764862751354
    ],
    [
      0.030164389613573928,
      0.01725836463979391,
      0.008290733226645752,
      0.01305305928042122,
      0.00507568867206265
    ],
    [
      0.018335848490197426,
      0.009829019539259187,
      0.0057007587081325806,
      0.008543650813935821,
      0.0036251415701682443
    ],
    [
      0.006630871527785187,
      0.004663250234676619,
      0.0022080554062331448,
      0.004868093951182484,
      0.003412911696965004
    ],
    [
      0.012129727440929328,
      0.006125689417019187,
      0.0079717324081241,
      0.005171000228970657,
      0.004895366066703932
    ],
    [
      0.0182713802037493,
      0.010880524944406611,
      0.011089553651161266,
      0.005270859527445326,
      0.007592817524287865
    ],
    [
      0.019131448554732255,
      0.01399230418201447,
      0.010392055677721501,
      0.004445163713373557,
      0.010142218317454876
    ],
    [
      0.016684072865108535,
      0.014566978558133714,
      0.006660017523163475,
      0.00556191333512257,
      0.010970740067156592
    ],
    [
      0.017421727002364662,
      0.012140737462512652,
      0.0057086978088982665,
      0.005178696927854443,
      0.009213040272848527
    ],
    [
      0.015587182511644926,
      0.007430365962007857,
      0.005633318878039972,
      0.003902409249711969,
      0.0053375917618059265
    ],
    [
      0.009456788460271426,
      0.005064852412156595,
      0.003857322728667567,
      0.0032182315245654625,
      0.0010660625256897482
    ],
    [
      0.0038723342878910216,
      0.0026430944676025803,
      0.0014741010306185132,
      0.001380537253115044,
      0.0014704543349286503
    ],
    [
      0.0035224017661483753,
      0.002223256567868148,
      0.0019028604940241056,
      0.0005537491173490672,
      0.0009253917648721632
    ],
    [
      0.007842403484270566,
      0.0063171829486619036,
      0.004854777614143879,
      0.0022300461864355192,
      0.002426591901427688
    ],
    [
      0.014506485933479807,
      0.00997841328294058,
      0.006320144494115221,
      0.0038497790797842324,
      0.006764995733077317
    ],
    [
      0.01871199657970113,
      0.01330716635975504,
      0.006086743290834029,
      0.00541283246335289,
      0.009704089009610062
    ],
    [
      0.018948521362671666,
      0.014153554278573122,
      0.004780907914359034,
      0.006374748054349677,
      0.009599275256388928
    ],
    [
      0.019579549665765805,
      0.013694371236311342,
      0.0037692779493891937,
      0.006150335685584096,
      0.006427348270893196
    ],
    [
      0.01753381707226831,
      0.012488510175723277,
      0.004179580140173389,
      0.005099127800900494,
      0.0017786083755744198
    ],
    [
      0.014310385103011303,
      0.012186999468138948,
      0.00396170132689333,
      0.005199436321257078,
      0.0020026610265511113
    ],
    [
      0.013367504126893248,
      0.010632326987131124,
      0.002985670440419641,
      0.004605062286605621,
      0.0030650612806104593
    ],
    [
      0.010961961001487719,
      0.00815103314776855,
      0.002391533847406757,
      0.003672484818761923,
      0.0010255020578164853
    ],
    [
      0.009201541465053698,
      0.006791159479807574,
      0.0020292408340449875,
      0.004070673594952501,
      0.002858985299264427
    ],
    [
      0.008385707542923893,
      0.007846064596878088,
      0.0026265533286162768,
      0.004298626102416936,
      0.006419767163284851
    ],
    [
      0.00889496794664879,
      0.007390541448815124,
      0.0032837382466399667,
      0.0034994097018292702,
      0.007776627454353369
    ],
    [
      0.007414109156972382,
      0.005238466061929792,
      0.0025759697377114588,
      0.001996435368539773,
      0.006313746614766691
    ],
    [
      0.004043668908931819,
      0.0036153363212054757,
      0.00144431444772386,
      0.001262475996366419,
      0.002911606336647443
    ],
    [
      0.003846422889153267,
      0.0028164491991611307,
      0.0014201610661845887,
      0.000620116206095922,
      0.0006217447884648841
    ],
    [
      0.005272015884316694,
      0.003953935468820058,
      0.001524958941334642,
      0.001207726628249528,
      0.0025488781127180893
    ],
    [
      0.004836627539922533,
      0.00416615815316268,
      0.0018683652443396426,
      0.001412411682655268,
      0.002084864508788975
    ],
    [
      0.004900945445135418,
      0.0034758506540610856,
      0.0016874092081731185,
      0.0012471558093030133,
      0.0002756670524461935
    ],
    [
      0.005696154238310491,
      0.003955704386127135,
      0.002016709948354789,
      0.0016075518190827864,
      0.0031177848186014767
    ],
    [
      0.005502473751722858,
      0.004961092902477926,
      0.002420922770524081,
      0.0020209505307344777,
      0.004918614489662909
    ],
    [
      0.006074257290777929,
      0.0043431385899850294,
      0.0017937010718227508,
      0.001718225122354644,
      0.004844933029873877
    ],
    [
      0.005079943094715711,
      0.003320951123997329,
      0.0015074168909834373,
      0.0014494047945845523,
      0.0031075691003912276
    ],
    [
      0.002808421193289945,
      0.002581719143601724,
      0.0017289856608870835,
      0.0010901573440580403,
      0.0007308129128191787
    ],
    [
      0.003990828670563662,
      0.00290177362432531,
      0.0014958376342300017,
      0.0006378156916120314,
      0.001068062489062438
    ],
    [
      0.0046189664817009035,
      0.003960896315780005,
      0.0016756532724315765,
      0.0011780975938235905,
      0.0015151413662706226
    ],
    [
      0.005014376220491279,
      0.004421363479711893,
      0.0022751997172609784,
      0.001497247923826217,
      0.0006073643383674998
    ],
    [
      0.006408663728790787,
      0.004261850125225619,
      0.0022341915381196564,
      0.001489917482488945,
      0.000990036541681505
    ],
    [
      0.006728863150973208,
      0.004233170259426711,
      0.0016862514238602522,
      0.001717768430303801,
      0.0023679000169252173
    ],
    [
      0.005745484156821634,
      0.004479429632692211,
      0.0014049687347805762,
      0.002039257882036072,
      0.002863587398821421
    ],
    [
      0.004551983161449336,
      0.0039738767146968446,
      0.001886989000188244,
      0.0019057860697280216,
      0.0023567163031534832
    ],
    [
      0.0033107802256293617,
      0.002970333037777273,
      0.0018434478938844645,
      0.001481380105466945,
      0.001241832120041364
    ],
    [
      0.002538739632379494,
      0.0018124102396988029,
      0.0011774990225699167,
      0.0009611928516395363,
      0.00014062922081836682
    ],
    [
      0.0014370930834062268,
      0.0008634666819051784,
      0.00028238771065947077,
      0.0006366409768920889,
      0.00045047021687838473
    ],
    [
      0.00155438200872271,
      0.0007377775656791652,
      0.0007807631365708279,
      0.0007825292440810649,
      0.00038027592553779854
    ],
    [
      0.0016173699736998781,
      0.0009958559318956617,
      0.0012455792703314206,
      0.0005148389995712765,
      0.00015647139308683222
    ],
    [
      0.002350644482479458,
      0.001219238204819284,
      0.0011412890890516447,
      0.0003411414057796769,
      0.0007903811055143262
    ],
    [
      0.0024067557941542805,
      0.0016247510946643118,
      0.0007779267616025987,
      0.0005163205592018105,
      0.0011961259802906188
    ],
    [
      0.002274827632992027,
      0.0019702095745144366,
      0.0009907495801986244,
      0.0008067818460688603,
      0.001238470277109549
    ],
    [
      0.0025305403487774214,
      0.001875897679359806,
      0.001321482263494378,
      0.0008629914947599904,
      0.000988048713612688
    ],
    [
      0.0020738959632393694,
      0.0015206060165584567,
      0.0011548932110805321,
      0.0007567363569549457,
      0.0006282608023544523
    ],
    [
      0.0012132391805586007,
      0.0009679053536493232,
      0.0005673251682158931,
      0.0005470985510513948,
      0.0003293356213796006
    ],
    [
      0.0010065955305671448,
      0.00044891805482949465,
      0.0002827098338153977,
      0.00038738545741767716,
      0.00016884071154521507
    ],
    [
      0.0009973323931988798,
      0.00029719313048293117,
      0.0006682881436959054,
      0.0004604644611716502,
      0.00013192684304441649
    ],
    [
      0.001070897472765786,
      0.0006840280698638956,
      0.0008136968380922927,
      0.0002682477828586105,
      0.00016537298104801756
    ],
    [
      0.0013621584300016476,
      0.0008899268104878288,
      0.0006261473559643349,
      0.0002917594913331989,
      0.00023085733720784596
    ],
    [
      0.0013260382071333954,
      0.0011355000763546563,
      0.0004612512376100941,
      0.00035969363588184144,
      0.00031969744701543235
    ],
    [
      0.0015610985416192324,
      0.001477204099609164,
      0.0008790133902425445,
      0.0005467468795372632,
      0.00043067129817386807
    ],
    [
      0.00167230836305432,
      0.0016200134352384321,
      0.0010182507747313885,
      0.0006230627428382984,
      0.0005404408698506113
    ],
    [
      0.0015919714431489318,
      0.0015544339430684229,
      0.000836812312005053,
      0.0006142305594092345,
      0.0005967145459029322
    ],
    [
      0.0016981229041646007,
      0.0013159666607642784,
      0.0004555573941855684,
      0.0005257148421256019,
      0.0005440748251150929
    ],
    [
      0.001759112983373834,
      0.001026639338591595,
      0.0005200580082298512,
      0.00041411842253147313,
      0.00036688450656963134
    ],
    [
      0.0014802614770492717,
      0.0009243381600076983,
      0.0005744670229623772,
      0.00047463900627597866,
      0.00011781856987802541
    ],
    [
      0.0009451584489339471,
      0.0006820168595655929,
      0.00043554663710643204,
      0.000385091672344684,
      9.470368138031482e-05
    ],
    [
      0.0003757993977282492,
      0.00034492106200101347,
      0.00015400604287951758,
      0.00021477130883185147,
      0.00016108740388820486
    ],
    [
      0.00023074199192452127,
      7.686662460981708e-05,
      0.00015164149155255657,
      0.00012759813032281464,
      3.6838401756833505e-05
    ],
    [
      0.0006985576759377388,
      0.0003433871318236914,
      0.0003579984039658868,
      0.00022736544915136214,
      0.00022253288610163402
    ],
    [
      0.0009467390958028954,
      0.0006327017786855738,
      0.00040034879844053073,
      0.00023744467257391655,
      0.00048372312065891876
    ],
    [
      0.0009339268099872733,
      0.0007601137266277647,
      0.0003004555752861293,
      0.00028433643181058343,
      0.0006050034143556537
    ],
    [
      0.0008904520465702337,
      0.0006810741914553553,
      0.00027860567671789127,
      0.0002638768941742864,
      0.000513644293037574
    ],
    [
      0.0008756186801517352,
      0.000459650901946107,
      0.000266052122638305,
      0.00017258291826194316,
      0.00024755254058872467
    ],
    [
      0.0006536108886401326,
      0.0004886213174126741,
      0.0002803390292349661,
      0.00022856440444196657,
      6.257913399698722e-05
    ],
    [
      0.000474569913999634,
      0.000444084211637108,
      0.0002102045913832118,
      0.00020553511938525837,
      0.00026180886906757017
    ],
    [
      0.0003813924011608627,
      0.00032939400624876214,
      0.00010502747682661351,
      0.0001364032813588878,
      0.00025345134566645555
    ],
    [
      0.00021244300932865556,
      8.726070928610774e-05,
      7.369744612906182e-05,
      6.880122198626992e-05,
      5.0272669316342444e-05
    ],
    [
      0.0003968633092543694,
      0.0002240096649397394,
      0.00013195152093747886,
      0.00014690034331188428,
      0.0002340542334056117
    ],
    [
      0.0006299267854115165,
      0.0004444129766134619,
      0.000167170298959185,
      0.00015939548758114874,
      0.0004477936171809471
    ],
    [
      0.000713825025389081,
      0.0005363472417141413,
      0.0001964259855657957,
      0.00018675909301824056,
      0.0004822015985561645
    ],
    [
      0.0005889997654162649,
      0.0004634834875338889,
      0.00015483671909621854,
      0.0001781388984711807,
      0.00032605417773501344
    ],
    [
      0.0005419013178298293,
      0.00039318263263532494,
      0.00015619906201247424,
      0.0001150334176192036,
      6.612595850885583e-05
    ],
    [
      0.0005260876547619198,
      0.0004507348348115059,
      0.00018068486221101132,
      0.00015914464192023914,
      0.00016315238993702685
    ],
    [
      0.0005402728831538361,
      0.00045075954236417637,
      0.0001790700272508161,
      0.00017159609285166688,
      0.0002514385859631041
    ],
    [
      0.00045580931707367434,
      0.00038488728724694887,
      0.00015073762293926762,
      0.00014973834843168277,
      0.0001672726666845925
    ],
    [
      0.0003948840040235435,
      0.00027173393644108756,
      0.00010322703389853416,
      0.00010001011788718372,
      3.135039295942832e-05
    ],
    [
      0.00039692718021289153,
      0.0003168542233977778,
      0.00011422897827073619,
      0.00014819324708481574,
      0.00023336771540205525
    ],
    [
      0.00039979811545243216,
      0.00035295876159024964,
      0.00013976668547521776,
      0.00015688687690085246,
      0.0003357447973251215
    ],
    [
      0.00038842461979049503,
      0.0002731970232205949,
      0.00010099338987878959,
      0.0001172842978958144,
      0.00029524208163267396
    ],
    [
      0.00023931701637058822,
      0.00015295173935170325,
      6.240948484670383e-05,
      6.588891454661905e-05,
      0.00014451485718658397
    ],
    [
      0.0001471440380373945,
      9.207222865237341e-05,
      6.353458685826041e-05,
      2.089085447409822e-05,
      3.224011072555655e-05
    ],
    [
      0.00025670897303431417,
      0.00018624080915241592,
      6.50894937559432e-05,
      5.715316832577422e-05,
      0.00014709078313135393
    ],
    [
      0.0002820709478823513,
      0.0002219850437468196,
      0.00010696610039939713,
      8.06255974872272e-05,
      0.00015260583709486575
    ],
    [
      0.00022389975785630511,
      0.00020539070309522067,
      0.00012002644802500129,
      7.948319931116998e-05,
      6.068403403114431e-05
    ],
    [
      0.00028363443558276913,
      0.00016039063818196198,
      9.805967495224444e-05,
      5.359417023509394e-05,
      7.04618693503356e-05
    ],
    [
      0.000274850638837254,
      0.0002123505637663392,
      9.612715032858432e-05,
      8.464809228003745e-05,
      0.00017090558200316686
    ],
    [
      0.0002559251094658155,
      0.00022532254940754726,
      6.719515994180192e-05,
      9.690114299854002e-05,
      0.0001951617885020962
    ],
    [
      0.0002553685920003712,
      0.0001676768044744925,
      7.503167996358862e-05,
      7.940260509098351e-05,
      0.0001413212217693527
    ],
    [
      0.00015608020314528126,
      6.842719795230323e-05,
      5.6232008588397164e-05,
      4.4681276639702006e-05,
      4.5663147374419566e-05
    ],
    [
      7.91751721795908e-05,
      3.552709246235075e-05,
      4.6154936478304265e-05,
      6.168437044484776e-06,
      4.0962171726777186e-05
    ],
    [
      0.00014931299026077482,
      0.0001000736318257367,
      4.951750010584455e-05,
      2.9200895557135453e-05,
      8.01776149916833e-05
    ],
    [
      0.00016021642263996938,
      0.00013445025382474718,
      9.12569375732808e-05,
      4.9044639000017654e-05,
      6.246900443040992e-05
    ],
    [
      0.00018988732053415447,
      0.0001447032672630133,
      0.00010125965368978918,
      5.3671947070066395e-05,
      6.719837791768768e-06
    ],
    [
      0.00022052357419033441,
      0.000129498509560122,
      7.987023113997793e-05,
      3.917016163090814e-05,
      5.3851617842770594e-05
    ],
    [
      0.00020080003901856713,
      0.00014717887013016018,
      4.6228205485832063e-05,
      5.898954040239879e-05,
      9.007203510269512e-05
    ],
    [
      0.00017443700582875366,
      0.00015506630797745835,
      7.840446509810306e-05,
      6.929614813078189e-05,
      8.97887061923619e-05
    ],
    [
      0.00016201867196197206,
      0.00013357353609300127,
      8.7084036692886e-05,
      6.216932115221674e-05,
      6.009045711019567e-05
    ],
    [
      0.00011898534780230285,
      9.544971303898642e-05,
      6.523802862923311e-05,
      4.4049949210478445e-05,
      1.979037506649739e-05
    ],
    [
      8.070683646943522e-05,
      4.805522883510882e-05,
      2.228302474205357e-05,
      2.136042734357524e-05,
      1.200516785426764e-05
    ],
    [
      7.204404158245303e-05,
      4.913844394716094e-05,
      2.5364229694346818e-05,
      3.548018002730302e-05,
      2.4619039334927706e-05
    ],
    [
      0.00010215728328821783,
      3.693863849796308e-05,
      4.877197061214922e-05,
      3.485693880200813e-05,
      1.820968784649324e-05
    ],
    [
      7.673410564734695e-05,
      4.54672916316845e-05,
      5.071092290531709e-05,
      2.030929783791713e-05,
      5.147921866566207e-07
    ],
    [
      7.645485051721579e-05,
      4.5940937631883116e-05,
      3.2992167964263075e-05,
      1.1789171394660514e-05,
      1.8720773725666717e-05
    ],
    [
      7.342368951723799e-05,
      6.54817210676839e-05,
      3.267712433974168e-05,
      2.4173920187831044e-05,
      3.22305703071013e-05
    ],
    [
      9.905056047587735e-05,
