{
  "N": 4,
  "bond": 0,
  "gamma_0": 0.05,
  "J": 1.0,
  "dJ": 0.01,
  "times_sampled": [
    0.0,
    8.8,
    17.6,
    26.400000000000002,
    35.2,
    44.400000000000006,
    53.2,
    62.0,
    70.8,
    80.0
  ],
  "C_A_sampled": [
    [
      [
        0.9404508497187474,
        0.8868033988749895,
        0.8868033988749895,
        0.9404508497187474
      ],
      [
        0.8868033988749895,
        0.8845491502812526,
        0.8845491502812526,
        0.8868033988749895
      ],
      [
        0.8868033988749895,
        0.8845491502812527,
        0.8845491502812527,
        0.8868033988749895
      ],
      [
        0.9404508497187474,
        0.8868033988749895,
        0.8868033988749895,
        0.9404508497187474
      ]
    ],
    [
      [
        0.8155952679332089,
        0.8000539600495271,
        0.800053960049527,
        0.8155952679332084
      ],
      [
        0.8000539600495271,
        0.7907784289923019,
        0.7907784289923016,
        0.8000539600495268
      ],
      [
        0.800053960049527,
        0.7907784289923014,
        0.790778428992301,
        0.8000539600495266
      ],
      [
        0.8155952679332084,
        0.8000539600495269,
        0.8000539600495266,
        0.8155952679332078
      ]
    ],
    [
      [
        0.7890876431141726,
        0.7845297970444871,
        0.7845297970444869,
        0.7890876431141723
      ],
      [
        0.7845297970444871,
        0.7808712565019243,
        0.7808712565019241,
        0.7845297970444868
      ],
      [
        0.7845297970444869,
        0.7808712565019241,
        0.7808712565019239,
        0.7845297970444867
      ],
      [
        0.7890876431141723,
        0.7845297970444869,
        0.7845297970444868,
        0.7890876431141721
      ]
    ],
    [
      [
        0.7830120395676127,
        0.7818175878843879,
        0.7818175878843879,
        0.7830120395676125
      ],
      [
        0.7818175878843879,
        0.7807645945040986,
        0.7807645945040986,
        0.7818175878843878
      ],
      [
        0.7818175878843879,
        0.7807645945040986,
        0.7807645945040986,
        0.7818175878843878
      ],
      [
        0.7830120395676125,
        0.7818175878843878,
        0.7818175878843878,
        0.7830120395676121
      ]
    ],
    [
      [
        0.7816093303791275,
        0.7813478746128512,
        0.7813478746128512,
        0.7816093303791273
      ],
      [
        0.7813478746128512,
        0.7811098598907359,
        0.7811098598907359,
        0.7813478746128507
      ],
      [
        0.7813478746128512,
        0.7811098598907359,
        0.7811098598907358,
        0.7813478746128507
      ],
      [
        0.7816093303791273,
        0.7813478746128507,
        0.7813478746128507,
        0.7816093303791268
      ]
    ],
    [
      [
        0.7813000711099306,
        0.7812655553358764,
        0.7812655553358764,
        0.7813000711099304
      ],
      [
        0.7812655553358764,
        0.7812347178409819,
        0.7812347178409819,
        0.7812655553358763
      ],
      [
        0.7812655553358764,
        0.7812347178409819,
        0.7812347178409819,
        0.7812655553358763
      ],
      [
        0.7813000711099304,
        0.7812655553358763,
        0.7812655553358763,
        0.7813000711099302
      ]
    ],
    [
      [
        0.7812627939808815,
        0.781252676355619,
        0.781252676355619,
        0.7812627939808812
      ],
      [
        0.781252676355619,
        0.7812431909994759,
        0.7812431909994759,
        0.7812526763556187
      ],
      [
        0.781252676355619,
        0.7812431909994759,
        0.7812431909994759,
        0.7812526763556187
      ],
      [
        0.7812627939808812,
        0.7812526763556187,
        0.7812526763556187,
        0.7812627939808809
      ]
    ],
    [
      [
        0.7812551076817494,
        0.7812504604515341,
        0.781250460451534,
        0.7812551076817491
      ],
      [
        0.7812504604515341,
        0.7812459220067733,
        0.7812459220067732,
        0.7812504604515339
      ],
      [
        0.781250460451534,
        0.7812459220067732,
        0.7812459220067731,
        0.7812504604515338
      ],
      [
        0.7812551076817491,
        0.7812504604515339,
        0.7812504604515338,
        0.7812551076817489
      ]
    ],
    [
      [
        0.781252092839036,
        0.7812500792181611,
        0.7812500792181611,
        0.7812520928390357
      ],
      [
        0.7812500792181611,
        0.7812480843138884,
        0.7812480843138884,
        0.781250079218161
      ],
      [
        0.7812500792181611,
        0.7812480843138884,
        0.7812480843138884,
        0.781250079218161
      ],
      [
        0.7812520928390357,
        0.781250079218161,
        0.781250079218161,
        0.7812520928390356
      ]
    ],
    [
      [
        0.7812504177317413,
        0.7812500125816595,
        0.7812500125816595,
        0.7812504177317411
      ],
      [
        0.7812500125816595,
        0.7812496104023388,
        0.7812496104023388,
        0.7812500125816593
      ],
      [
        0.7812500125816595,
        0.7812496104023388,
        0.7812496104023388,
        0.7812500125816593
      ],
      [
        0.7812504177317411,
        0.7812500125816593,
        0.7812500125816593,
        0.7812504177317409
      ]
    ]
  ],
  "dC_dJ_sampled": [
    [
      [
        2.7755575615628914e-14,
        3.885780586188048e-14,
        2.7755575615628914e-14,
        3.3306690738754696e-14
      ],
      [
        3.885780586188048e-14,
        4.440892098500626e-14,
        2.220446049250313e-14,
        3.885780586188048e-14
      ],
      [
        1.6653345369377348e-14,
        2.7755575615628914e-14,
        5.551115123125783e-15,
        2.220446049250313e-14
      ],
      [
        3.3306690738754696e-14,
        3.885780586188048e-14,
        2.7755575615628914e-14,
        3.3306690738754696e-14
      ]
    ],
    [
      [
        -0.05898559502525713,
        -0.05280741089067065,
        0.01662077611904733,
        0.007139120966809243
      ],
      [
        -0.052807410890665096,
        -0.05596727345811847,
        -0.0066947986808507665,
        -0.015812358947914218
      ],
      [
        0.01662077611904733,
        -0.006694798680845215,
        0.04257731593499958,
        0.053614229328918794
      ],
      [
        0.007139120966814794,
        -0.01581235894791977,
        0.053614229328918794,
        0.073260333845937
      ]
    ],
    [
      [
        -0.0015867630107524455,
        0.001457903357088286,
        0.003509655084454888,
        -0.004348912248341996
      ],
      [
        0.001457903357088286,
        0.0031278001060952576,
        0.004246418882120073,
        -0.0026906748482991016
      ],
      [
        0.003509655084454888,
        0.004246418882120073,
        0.005365121974165721,
        -0.0006388511818444798
      ],
      [
        -0.004348912248341996,
        -0.0026906748483046528,
        -0.0006388511818500309,
        -0.0071111658581257675
      ]
    ],
    [
      [
        -0.007392599269673283,
        -0.00012555871833352938,
        -0.00015752990145667667,
        -0.006621209850415921
      ],
      [
        -0.00012555871832797827,
        0.006773250980546264,
        0.006587294655607812,
        0.00039278180677393415
      ],
      [
        -0.00015752990145667667,
        0.006587294655607812,
        0.006401366076436155,
        0.00036082274680881987
      ],
      [
        -0.006621209850415921,
        0.00039278180677393415,
        0.00036082274680881987,
        -0.005849854525241671
      ]
    ],
    [
      [
        -0.005944169942978528,
        -0.0023494420020364615,
        0.000181305683655264,
        -0.003622607321468463
      ],
      [
        -0.0023494420020364615,
        0.0011580644612152469,
        0.00361871617041154,
        -0.00013946620624483153
      ],
      [
        0.00018130568366081512,
        0.00361871617041154,
        0.006079388471197378,
        0.0023912932795244757
      ],
      [
        -0.003622607321468463,
        -0.00013946620624483153,
        0.0023912932795244757,
        -0.0013010551613623633
      ]
    ],
    [
      [
        0.0006477059173948252,
        0.0006079979781858924,
        -2.9497650494425542e-05,
        7.21549609783434e-05
      ],
      [
        0.0006079979781858924,
        0.0005657678773085539,
        -7.214432556912342e-05,
        3.17007474770481e-05
      ],
      [
        -2.9497650494425542e-05,
        -7.214432556912342e-05,
        -0.0007100562193163018,
        -0.0006057945319826175
      ],
      [
        7.21549609783434e-05,
        3.17007474770481e-05,
        -0.0006057945319826175,
        -0.0005033956588185173
      ]
    ],
    [
      [
        5.086600389225815e-05,
        -0.00032910857280521455,
        -1.9242698101606948e-06,
        0.0003852748411359297
      ],
      [
        -0.00032910857280521455,
        -0.0007104051161832547,
        -0.00038525845894588073,
        2.0097958242093483e-06
      ],
      [
        -1.9242698101606948e-06,
        -0.00038525845894588073,
        -6.0111813765528765e-05,
        0.00032919409435061553
      ],
      [
        0.0003852748411359297,
        2.0097958242093483e-06,
        0.00032919409435061553,
        0.0007196836427803
      ]
    ],
    [
      [
        0.0002656375476417505,
        6.899749725453042e-05,
        7.4714980313750345e-06,
        0.00018927663598122813
      ],
      [
        6.899749725453042e-05,
        -0.0001276911526459923,
        -0.0001892734668773599,
        -7.454655692740175e-06
      ],
      [
        7.4714980313750345e-06,
        -0.0001892734668773599,
        -0.0002508557762515018,
        -6.898064934812709e-05
      ],
      [
        0.00018927663598122813,
        -7.454655692740175e-06,
        -6.898064934812709e-05,
        0.00011291572978300302
      ]
    ],
    [
      [
        2.8573188542990735e-05,
        -8.629151604377938e-06,
        -3.045198282425332e-06,
        4.031343127652853e-05
      ],
      [
        -8.629151604377938e-06,
        -4.586336670997504e-05,
        -4.0313176413731e-05,
        3.0564891340123523e-06
      ],
      [
        -3.045198282425332e-06,
        -4.0313176413731e-05,
        -3.476298378601861e-05,
        8.640443327490033e-06
      ],
      [
        4.031343127652853e-05,
        3.0564891340123523e-06,
        8.640443327490033e-06,
        5.205367072935729e-05
      ]
    ],
    [
      [
        -2.609704877198915e-05,
        -8.406944584926634e-07,
        9.27087273616678e-07,
        -2.6170453498730595e-05
      ],
      [
        -8.406944584926634e-07,
        2.4407931847880704e-05,
        2.6170414374471207e-05,
        -9.226793273864331e-07
      ],
      [
        9.27087273616678e-07,
        2.6170414374471207e-05,
        2.7932897922466893e-05,
        8.451029098743845e-07
      ],
      [
        -2.6170453498730595e-05,
        -9.226793273864331e-07,
        8.451029098743845e-07,
        -2.624385919136607e-05
      ]
    ]
  ],
  "max_per_dist_time_series": [
    [
      4.440892098500626e-14,
      3.885780586188048e-14,
      3.885780586188048e-14,
      3.3306690738754696e-14
    ],
    [
      0.013665712988958356,
      0.009077366704263179,
      0.011016401735436387,
      0.006666785708270284
    ],
    [
      0.05099922143102509,
      0.03053887636393915,
      0.034556093943433064,
      0.023122396400654388
    ],
    [
      0.0943347531970895,
      0.05387095319921431,
      0.05700888261685466,
      0.03715042793861478
    ],
    [
      0.12308003433201264,
      0.07169543108816456,
      0.07144165413087156,
      0.03690986400329832
    ],
    [
      0.13001979426776056,
      0.08193683699414533,
      0.07799922334632559,
      0.021247677889696392
    ],
    [
      0.12377387274144502,
      0.08588754358945794,
      0.07950132285612921,
      0.0008075129006523962
    ],
    [
      0.13713489612642293,
      0.08800215546843626,
      0.08051494997880493,
      0.009307062529301247
    ],
    [
      0.12243225386035506,
      0.08586581115425651,
      0.07834154130956783,
      0.0005649171635091488
    ],
    [
      0.12605099031939293,
      0.08320089649596629,
      0.07683124571133959,
      0.02124916713442393
    ],
    [
      0.11906240747281971,
      0.07386224938054076,
      0.07028813126327416,
      0.03946896456836213
    ],
    [
      0.09118945123618438,
      0.05499412131967363,
      0.056109685719113456,
      0.039870404029801465
    ],
    [
      0.04604500638715203,
      0.029496718015642465,
      0.037008691117818016,
      0.0218492596895159
    ],
    [
      0.010368125799992134,
      0.004526048226938251,
      0.019328890877778893,
      0.0015741357731746675
    ],
    [
      0.030554240779157027,
      0.012765406537879054,
      0.009950820642501412,
      0.01337738530340915
    ],
    [
      0.031082612828509104,
      0.02074788902532987,
      0.00542314327177662,
      0.004879950080033391
    ],
    [
      0.04146459544278058,
      0.024642577291505985,
      0.006977067417790472,
      0.01734399432670175
    ],
    [
      0.04793253670111741,
      0.031448392440264206,
      0.008835267798945612,
      0.03615988995586128
    ],
    [
      0.04404411912213302,
      0.03313811996709659,
      0.00942764363717763,
      0.037294817163679994
    ],
    [
      0.04670083884117382,
      0.02161837038129888,
      0.009823966142824547,
      0.02010109790206438
    ],
    [
      0.047004069431677564,
      0.03434929961303457,
      0.011131169726924517,
      0.0026444916653156625
    ],
    [
      0.07251865660315437,
      0.0463553115948534,
      0.014514700848761164,
      0.014461967503798245
    ],
    [
      0.073260333845937,
      0.053614229328918794,
      0.01662077611904733,
      0.007139120966814794
    ],
    [
      0.0804420467903133,
      0.05810587379785348,
      0.019978504361489735,
      0.013194907461488992
    ],
    [
      0.09203149470387029,
      0.05702784129447136,
      0.022062175021481112,
      0.03079249666317896
    ],
    [
      0.08197678559994093,
      0.04929536873006235,
      0.021402468448550316,
      0.032497294005845445
    ],
    [
      0.05408398096884426,
      0.035877546563428675,
      0.017915844270555148,
      0.017459735617880723
    ],
    [
      0.02679058653798916,
      0.019723239551333593,
      0.013100428609896797,
      0.002944144344574351
    ],
    [
      0.02284535601336235,
      0.013251049445989205,
      0.00961070150295451,
      0.013915372972622686
    ],
    [
      0.018556647958006822,
      0.007662119465678963,
      0.006568883300672734,
      0.00802210924468194
    ],
    [
      0.027281376607513064,
      0.015530034638872037,
      0.005275737158721983,
      0.00953085823365285
    ],
    [
      0.043746509709552406,
      0.023879397933196378,
      0.003768924138347618,
      0.02510679020960027
    ],
    [
      0.04114668080854034,
      0.026038490686475235,
      0.002741980680637246,
      0.027157167021241158
    ],
    [
      0.02367318094203541,
      0.014120566892544817,
      0.002631964968785594,
      0.014652066692205645
    ],
    [
      0.00683410819593,
      0.0027506934331067434,
      0.0011727011051065883,
      0.0028141840213657954
    ],
    [
      0.02647184799265956,
      0.012155368393429455,
      0.00043642185638126385,
      0.012539184139159776
    ],
    [
      0.030801931965074303,
      0.01838671699583294,
      0.0014570093231802694,
      0.008011193915702375
    ],
    [
      0.03595095803046733,
      0.025598381761926525,
      0.003221549500442844,
      0.006587395152185538
    ],
    [
      0.05245174861925883,
      0.03012691120782285,
      0.004943583430400134,
      0.019885447856859972
    ],
    [
      0.054028696395558296,
      0.031003759187686608,
      0.006122320982554497,
      0.022074925395160205
    ],
    [
      0.040488474713440414,
      0.028008570845805547,
      0.006396965246813213,
      0.01202007732838406
    ],
    [
      0.02627910561932012,
      0.021844037934182214,
      0.005820122100741454,
      0.0024736334582775577
    ],
    [
      0.027061143885792616,
      0.014161963253994658,
      0.005081804264195355,
      0.010832254220288773
    ],
    [
      0.015715477760241958,
      0.0073324026712395796,
      0.004112221928809223,
      0.007481898931177566
    ],
    [
      0.0071111658581257675,
      0.004246418882120073,
      0.003509655084454888,
      0.004348912248341996
    ],
    [
      0.02312498485879666,
      0.015122041332560343,
      0.002668073479900057,
      0.01542207418511743
    ],
    [
      0.027439898752701364,
      0.01731337294281765,
      0.001421012012409184,
      0.01759666599708276
    ],
    [
      0.019293293573280357,
      0.0099941570313955,
      0.0006904329203916149,
      0.009707006492010173
    ],
    [
      0.010517324533854122,
      0.00788724773870264,
      0.000865551508438811,
      0.002054467469192467
    ],
    [
      0.014163203456385443,
      0.008963023231900458,
      0.0008155698179523885,
      0.009075792568119523
    ],
    [
      0.008289099990105298,
      0.006588129417323119,
      0.0005842557137814008,
      0.006675099735525825
    ],
    [
      0.009377123718323777,
      0.005293962240343619,
      0.0005398610452955754,
      0.002728686292458038
    ],
    [
      0.022854754401674393,
      0.011627828552662756,
      0.00045856643756114757,
      0.011773888852295578
    ],
    [
      0.027942115270263024,
      0.013683370794531635,
      0.001037900668166003,
      0.013823846005067697
    ],
    [
      0.023059701201672,
      0.014903770736912625,
      0.0015086926278717883,
      0.007747926763712609
    ],
    [
      0.016565692780978747,
      0.014524596676773749,
      0.0017334414350922422,
      0.001635766598978572
    ],
    [
      0.020505062459041934,
      0.012455581381087821,
      0.0017774179233709386,
      0.00743199365033087
    ],
    [
      0.015655452927304525,
      0.009150430755711092,
      0.0016556885146068456,
      0.005767600353184799
    ],
    [
      0.0077446102997758,
      0.005427960113962849,
      0.0016016698577814292,
      0.0015936301635544048
    ],
    [
      0.011196852862133122,
      0.008803614357189016,
      0.0014539342503783192,
      0.008874227067545704
    ],
    [
      0.012985106239660205,
      0.010668630908416965,
      0.0010892280312702063,
      0.010737848546515938
    ],
    [
      0.010505060208121364,
      0.006098175632573977,
      0.0005825628378919312,
      0.006130459197317695
    ],
    [
      0.006633333885108783,
      0.005314366887093636,
      0.00014525011873267601,
      0.001256634249335864
    ],
    [
      0.011295759859358823,
      0.005945005604290898,
      9.106714428663842e-05,
      0.005974813005971136
    ],
    [
      0.00920705039320624,
      0.004833454067593168,
      0.00016907553871403636,
      0.004859952027108649
    ],
    [
      0.0033738951412842777,
      0.0023059097199518153,
      0.00030158462278606635,
      0.0008320400981587373
    ],
    [
      0.007392599269673283,
      0.006587294655607812,
      0.00039278180677393415,
      0.006621209850415921
    ],
    [
      0.01166750606412248,
      0.008231989708662457,
      0.0003265363618998318,
      0.008265886756220198
    ],
    [
      0.010341632881122331,
      0.005111611891700507,
      0.00010366668295458403,
      0.004815949253911267
    ],
    [
      0.007771551775592744,
      0.0065165661691013455,
      0.00019705373237588475,
      0.0009361697477727748
    ],
    [
      0.011946560135611684,
      0.006995286214822594,
      0.0003081042823094293,
      0.004732485187924906
    ],
    [
      0.010709464210756359,
      0.00656657444018105,
      0.00036953538694595167,
      0.004016635256293144
    ],
    [
      0.005903707841542483,
      0.005453684995471164,
      0.00045738105378112515,
      0.00033891142250941364
    ],
    [
      0.008949938731417362,
      0.004880087853070814,
      0.0005434950183902387,
      0.0048962972591215514
    ],
    [
      0.00860941805280735,
      0.006299440564139225,
      0.0005590840029490174,
      0.006315974582754569
    ],
    [
      0.004235934431118249,
      0.003754520457543986,
      0.00047611033316408147,
      0.003762206581636729
    ],
    [
      0.0023650109572725952,
      0.001446040600383558,
      0.0003442001964171215,
      0.0006761267559551865
    ],
    [
      0.0064372442790228135,
      0.003694066633241899,
      0.00023527177527848941,
      0.003701410916240322
    ],
    [
      0.0064183016787733305,
      0.0032595583256966876,
      0.00015218556601026556,
      0.003266953019986918
    ],
    [
      0.0029156669639041066,
      0.0028398463387868667,
      7.378531424184764e-05,
      3.673573520934781e-05
    ],
    [
      0.005730297473799384,
      0.0035860693546774236,
      9.672930494919463e-05,
      0.0035937815362041547
    ],
    [
      0.005900693983040828,
      0.004788010732736936,
      0.00018917045985777925,
      0.004796043157634378
    ],
    [
      0.0035620613232145715,
      0.0029203984257097915,
      0.00020331647567761735,
      0.0029241212054831323
    ],
    [
      0.0023442253267613733,
      0.0016188492584834346,
      0.00015708394062174946,
      0.00047397173192909037
    ],
    [
      0.00565651490306851,
      0.002860802305526544,
      0.00010169936504600408,
      0.0028643741824208035
    ],
    [
      0.005928491318535345,
      0.00310250493972819,
      5.812278781602842e-05,
      0.002622367662968861
    ],
    [
      0.003509979755356163,
      0.0032357575406372074,
      1.3475480042934862e-05,
      0.00013591996055883904
    ],
    [
      0.005638120257167589,
      0.0029808848492629547,
      9.610845694285608e-05,
      0.00261984116327052
    ],
    [
      0.006079388471197378,
      0.00361871617041154,
      0.00018130568366081512,
      0.003622607321468463
    ],
    [
      0.003963824749819711,
      0.002261722426771806,
      0.00022987012071040702,
      0.0022635186293695764
    ],
    [
      0.0011062224670843612,
      0.0005988528114619918,
      0.00023407995410340554,
      0.0003205907797620977
    ],
    [
      0.002688050268195852,
      0.002194190913629157,
      0.00021353116338440614,
      0.002195904770663226
    ],
    [
      0.0032819114494209156,
      0.002079727986947777,
      0.00018399448117878414,
      0.0020816770879616975
    ],
    [
      0.0018157885014080666,
      0.001466446918052533,
      0.00014149942082486433,
      0.00022317714113428977
    ],
    [
      0.003521833874614577,
      0.0018963216107503733,
      7.540510478798446e-05,
      0.001898047315007645
    ],
    [
      0.004084530293946287,
      0.002721532927468795,
      2.7897580945346334e-05,
      0.002723413359045912
    ],
    [
      0.002723184686370672,
      0.0017442944139023364,
      8.649215273992539e-05,
      0.0017451568590953759
    ],
    [
      0.0006348577324510885,
      0.0003121992722510125,
      0.0001108633673696513,
      0.0002083243101302923
    ],
    [
      0.0021102565770592108,
      0.001669042274499155,
      0.00011200824396317977,
      0.0016698556149108423
    ],
    [
      0.002618702443063503,
      0.0016356157278851757,
      0.00010496009396621098,
      0.001636600547294531
    ],
    [
      0.00162861992775154,
      0.0012503000391073105,
      8.946889376582057e-05,
      0.0002559788256084605
    ],
    [
      0.0029311786873209567,
      0.00147936034589069,
      5.5133560439291074e-05,
      0.0013673732650210102
    ],
    [
      0.003575991181942184,
      0.0020381911708111655,
      1.1211926886911527e-05,
      0.0020390978659357017
    ],
    [
      0.002706500391386202,
      0.0013406534126458869,
      6.211517523113663e-05,
      0.0013410655529233484
    ],
    [
      0.0011936813897384102,
      0.000992873159283425,
      9.497210206044215e-05,
      0.00012782625289364802
    ],
    [
      0.0019015046800796576,
      0.0012600949453822619,
      0.0001084726475419906,
      0.0012604762413770398
    ],
    [
      0.00145808375614509,
      0.0012756465467722578,
      0.00010962744755316223,
      0.001276139207029292
    ],
    [
      0.0006697391900289951,
      0.00032422475276794316,
      0.0001007995271584683,
      0.00025643853400758587
    ],
    [
      0.0016599649729387433,
      0.0009791448255414004,
      7.793870772654365e-05,
      0.0009795259175437998
    ],
    [
      0.002307873638129898,
      0.0015204915979061262,
      4.12655789261418e-05,
      0.001520928337384042
    ],
    [
      0.0017707812635714415,
      0.0010268857152329058,
      4.011386250946103e-06,
      0.001027081827020826
    ],
    [
      0.0007100562193163018,
      0.0006079979781858924,
      3.17007474770481e-05,
      7.21549609783434e-05
    ],
    [
      0.0013720167353681312,
      0.0009451161591511603,
      4.7207056924625235e-05,
      0.0009452929173925373
    ],
    [
      0.0011457632058453626,
      0.0009875065439091113,
      5.5455242403690264e-05,
      0.0009877510857514427
    ],
    [
      0.0004893450961329648,
      0.0002384201767346994,
      5.879748893322656e-05,
      0.00023848643731505526
    ],
    [
      0.0011960919334308429,
      0.0006979363926074011,
      5.325609950257437e-05,
      0.0006981146570772534
    ],
    [
      0.0017948985150395558,
      0.0011304553633406655,
      3.541885707503134e-05,
      0.001130665404680542
    ],
    [
      0.0015110242254201545,
      0.0007842128082691247,
      9.609518236697312e-06,
      0.0007843056047451835
    ],
    [
      0.0007301825364403047,
      0.0006876223196283782,
      1.6028313593041688e-05,
      3.468704626863328e-05
    ],
    [
      0.0012995160474205125,
      0.0007045542939509986,
      3.15387425231517e-05,
      0.0007046352913153697
    ],
    [
      0.0011793835305196065,
      0.0007595347341904368,
      4.067934331053458e-05,
      0.0007596551865995949
    ],
    [
      0.0004230705465568807,
      0.00021185954059976808,
      4.5435816392602746e-05,
      0.0002118981782539553
    ],
    [
      0.0005711860949775271,
      0.0004947413210998342,
      4.475087503896802e-05,
      0.0004948245576286148
    ],
    [
      0.0010771411046162083,
      0.0008377352002264526,
      3.6613303810995035e-05,
      0.0008378362391814331
    ],
    [
      0.0009382605755337003,
      0.0005971227035772575,
      2.2600657084703712e-05,
      0.0005971664609472072
    ],
    [
      0.0003873366729134631,
      0.00036989191672387456,
      7.734713930451775e-06,
      1.0565553637542635e-05
    ],
    [
      0.0008798406513355062,
      0.0005223392409547944,
      4.2626678964374776e-06,
      0.0005223758894612462
    ],
    [
      0.0008732691463508857,
      0.0005807725976081368,
      1.3094302508953604e-05,
      0.0005808315152067145
    ],
    [
      0.0003655495548982035,
      0.00018219524354212702,
      2.073539895897092e-05,
      0.0001822170622112207
    ],
    [
      0.0003979360356176631,
      0.000348912756187314,
      2.5940501063859145e-05,
      0.00034895149993441343
    ],
    [
      0.0007635981327636099,
      0.000619006769725372,
      2.5860517233189384e-05,
      0.0006190553422880107
    ],
    [
      0.0007086933133004791,
      0.00045340847884545177,
      1.981950981666536e-05,
      0.00045342899680500537
    ],
    [
      0.00032469082910657754,
      0.000307034747526469,
      1.0666307198592406e-05,
      4.15858046887152e-06
    ],
    [
      0.0007196836427803,
      0.00038525845894588073,
      2.0097958242093483e-06,
      0.0003852748411359297
    ],
    [
      0.0007467848472775263,
      0.0004417786504229415,
      4.904639638869668e-06,
      0.00044180729855680667
    ],
    [
      0.00039857472626247947,
      0.00023661080490455788,
      1.0884075951622663e-05,
      0.00015306299509521004
    ],
    [
      0.00040632707422050274,
      0.0002446841653347409,
      1.59399828503215e-05,
      0.00024470215267413664
    ],
    [
      0.000522982362832769,
      0.00045609590478279394,
      1.8598252948809346e-05,
      0.00045611927830258026
    ],
    [
      0.0004033107911916023,
      0.00034338619593898834,
      1.777947392089807e-05,
      0.0003433957929288578
    ],
    [
      0.00014528267854863053,
      0.0001192756333423528,
      1.4249601976157322e-05,
      1.2446609226612892e-05
    ],
    [
      0.00046069902177592326,
      0.0002827791400650259,
      9.69542134909851e-06,
      0.0002827863463616964
    ],
    [
      0.0005246132991520991,
      0.00033445049636426916,
      4.923581775617691e-06,
      0.00033446433156392175
    ],
    [
      0.0002958186765655846,
      0.00016931525838592698,
      4.95347979301286e-07,
      0.00012620965487708524
    ],
    [
      0.0003017425008966512,
      0.00017063813847473241,
      6.145652314826222e-06,
      0.00017064646248843296
    ],
    [
      0.00040776495748295893,
      0.00033517135429872447,
      1.0564262264978197e-05,
      0.00033518260394438393
    ],
    [
      0.00027984190500984774,
      0.0002593730785593884,
      1.2288032241736246e-05,
      0.00025937754604687946
    ],
    [
      0.00010018804741385168,
      7.18687977407928e-05,
      1.1326953119894512e-05,
      1.6397573232573848e-05
    ],
    [
      0.0003362267999684754,
      0.00020663076766846977,
      8.919929889161793e-06,
      0.00020663388760056023
    ],
    [
      0.0004051907288138423,
      0.0002521038597325109,
      6.0688466696490195e-06,
      0.000252110506282488
    ],
    [
      0.0002558465104829377,
      0.0001496762284447506,
      2.808854548952411e-06,
      0.00010255366456046744
    ],
    [
      0.0002517478295049891,
      0.0001329390963533683,
      1.2551565731211412e-06,
      0.00011828489797083286
    ],
    [
      0.0003503233266033412,
      0.0002456885328239178,
      5.183634432803785e-06,
      0.0002456939531214619
    ],
    [
      0.0002596049969938452,
      0.00019545272381682466,
      8.00333657124952e-06,
      0.00019545479985061398
    ],
    [
      3.5616650040370956e-05,
      1.763345742200606e-05,
      9.13139126534901e-06,
      1.7633558141438854e-05
    ],
    [
      0.00019392419723374132,
      0.00015031809211252245,
      8.805816625878649e-06,
      0.0001503194111296402
    ],
    [
      0.0002656375476417505,
      0.0001892734668773599,
      7.4714980313750345e-06,
      0.00018927663598122813
    ],
    [
      0.00017548293450575514,
      8.799533366410373e-05,
      5.237788558432044e-06,
      8.233505985333345e-05
    ],
    [
      0.00017363737213615948,
      9.014875922974674e-05,
      2.14782674978764e-06,
      8.145769262446478e-05
    ],
    [
      0.00025763054652960804,
      0.00017964627257449628,
      1.4053424035598283e-06,
      0.00017964888692767467
    ],
    [
      0.00020255284581272015,
      0.00014691152023238452,
      4.194858360673237e-06,
      0.00014691248202969298
    ],
    [
      4.296546252113842e-05,
      2.003697405772442e-05,
      5.740527375674986e-06,
      1.716945594587571e-05
    ],
    [
      0.00012715762981452272,
      0.00010891189525796818,
      6.139015240602674e-06,
      0.00010891243757971125
    ],
    [
      0.00018704868031682587,
      0.00014158036031886034,
      5.787208651186759e-06,
      0.00014158186177892773
    ],
    [
      0.0001296679525752964,
      6.542930649500178e-05,
      4.824102267653174e-06,
      6.543027227245979e-05
    ],
    [
      0.00012832492767844705,
      6.927485120544752e-05,
      3.141154486518971e-06,
      5.570735500670665e-05
    ],
    [
      0.00020117909895756014,
      0.00013105441815097763,
      8.464405065744529e-07,
      0.00013105568103521925
    ],
    [
      0.00017076603210375296,
      0.00011018334128976015,
      1.5902348216023654e-06,
      0.00011018378694993558
    ],
    [
      6.048780807343945e-05,
      4.142340017665447e-05,
      3.4071618471021026e-06,
      1.5801548952643074e-05
    ],
    [
      0.000101915462996649,
      7.857975627967306e-05,
      4.423288829658034e-06,
      7.857996934257372e-05
    ],
    [
      0.00011417698829729872,
      0.00010553938992741152,
      4.700981598437792e-06,
      0.00010554009435281841
    ],
    [
      7.957783929590789e-05,
      5.155387739486095e-05,
      4.324702790325929e-06,
      5.155437650117278e-05
    ],
    [
      7.833255979416975e-05,
      3.779070023579578e-05,
      3.2985792097761646e-06,
      3.7791067963866e-05
    ],
    [
      0.00014025004720918943,
      9.537731271991312e-05,
      1.7437198185366043e-06,
      9.537792486358221e-05
    ],
    [
      0.00012384773039886277,
      8.243904637827981e-05,
      3.029370643226059e-08,
      8.243925365691851e-05
    ],
    [
      4.8617960007879546e-05,
      3.322810695483014e-05,
      1.4294141148507578e-06,
      1.3974220097745516e-05
    ],
    [
      7.948832510540349e-05,
      5.648078303943649e-05,
      2.380371877386267e-06,
      5.6480860705088176e-05
    ],
    [
      8.725882045812483e-05,
      7.84232219108727e-05,
      2.9034519344328658e-06,
      7.84235486328555e-05
    ],
    [
      5.205367072935729e-05,
      4.0313176413731e-05,
      3.0564891340123523e-06,
      4.031343127652853e-05
    ],
    [
      4.926842755992311e-05,
      2.5414405047108346e-05,
      2.774507928959835e-06,
      2.5414573279203267e-05
    ],
    [
      0.0001009476690128075,
      6.926141742358283e-05,
      2.0029828795564697e-06,
      6.926171579046958e-05
    ],
    [
      9.580492190131018e-05,
      6.155107504235424e-05,
      8.851070820714568e-07,
      6.155117274753152e-05
    ],
    [
      4.3954071821117324e-05,
      3.170147502284948e-05,
      2.8080296976540353e-07,
      1.2026218010330325e-05
    ],
    [
      6.697663920141039e-05,
      4.043179491208804e-05,
      1.2026306950296828e-06,
      4.0431818715269685e-05
    ],
    [
      7.569265633167177e-05,
      5.8095835298033194e-05,
      1.8114196920215875e-06,
      5.809598404571403e-05
    ],
    [
      3.834642230415852e-05,
      3.1319176291289e-05,
      2.113012764759503e-06,
      3.131930408906136e-05
    ],
    [
      2.4323422220806634e-05,
      1.6911668576646832e-05,
      2.094229212268317e-06,
      1.691174676410334e-05
    ],
    [
      6.543869880970554e-05,
      5.018086511321407e-05,
      1.7391226847518482e-06,
      5.018101233433825e-05
    ],
    [
      6.566683034003873e-05,
      4.585300519277524e-05,
      1.1224535745313347e-06,
      4.585305284354746e-05
    ],
    [
      3.099211034474081e-05,
      2.0459126859329047e-05,
      4.1380049942141284e-07,
      1.0125770516511423e-05
    ],
    [
      4.7980501849398394e-05,
      2.8834937670918492e-05,
      2.347094074650613e-07,
      2.8834941079303178e-05
    ],
    [
      5.82652986469423e-05,
      4.291661377942013e-05,
      7.596972884105213e-07,
      4.291667921041409e-05
    ],
    [
      3.367053076352988e-05,
      2.4188817354664494e-05,
      1.16055845489349e-06,
      2.4188879582665024e-05
    ],
    [
      1.3664357295661844e-05,
      1.1119238807477672e-05,
      1.3934929599113133e-06,
      1.1119276571713854e-05
    ],
    [
      4.345822525175791e-05,
      3.6278880882756326e-05,
      1.383148712230664e-06,
      3.627895514557444e-05
    ],
    [
      4.659693309538859e-05,
      3.408811841687509e-05,
      1.112794734137168e-06,
      3.408814329142196e-05
    ],
    [
      2.3869448773083946e-05,
      1.4795318559190918e-05,
      6.71829125664658e-07,
      8.384271055206227e-06
    ],
    [
      3.63204059383726e-05,
      2.0482314749825647e-05,
      1.9509033832854072e-07,
      2.048231098061848e-05
    ],
    [
      4.582039458411735e-05,
      3.161626375147719e-05,
      2.28620045117367e-07,
      3.1616290474545394e-05
    ],
    [
      2.959450262074448e-05,
      1.8584537520016653e-05,
      5.711897343996242e-07,
      1.8584566119361767e-05
    ],
    [
      1.3805481141604403e-05,
      7.202115503979201e-06,
      8.161570752562852e-07,
      7.202135354766881e-06
    ],
    [
      2.7932897922466893e-05,
      2.6170414374471207e-05,
      9.27087273616678e-07,
      2.6170453498730595e-05
    ]
  ],
  "first_light_t_by_dist": {
    "0": 0.4,
    "1": 0.4,
    "2": 0.4,
    "3": 0.4
  },
  "peak_val_by_dist": {
    "0": 0.13713489612642293,
    "1": 0.08800215546843626,
    "2": 0.08051494997880493,
    "3": 0.039870404029801465
  },
  "peak_time_by_dist": {
    "0": 2.8000000000000003,
    "1": 2.8000000000000003,
    "2": 2.8000000000000003,
    "3": 4.4
  },
  "max_pi_pair_residual": 0.0032280708123610946
}