{
  "N": 6,
  "bond": 0,
  "gamma_0": 0.05,
  "J": 1.0,
  "dJ": 0.01,
  "times_sampled": [
    0.0,
    8.8,
    17.6,
    26.400000000000002,
    35.2,
    44.400000000000006,
    53.2,
    62.0,
    70.8,
    80.0
  ],
  "C_A_sampled": [
    [
      [
        0.9745529443093444,
        0.9389409103266897,
        0.9050556719746335,
        0.9050556719746334,
        0.9389409103266907,
        0.9745529443093436
      ],
      [
        0.9389409103266897,
        0.9279276622068096,
        0.9094975133788472,
        0.9094975133788473,
        0.9279276622068103,
        0.9389409103266891
      ],
      [
        0.9050556719746334,
        0.9094975133788472,
        0.9010908220552801,
        0.9010908220552803,
        0.9094975133788481,
        0.9050556719746329
      ],
      [
        0.9050556719746333,
        0.9094975133788473,
        0.9010908220552802,
        0.9010908220552806,
        0.9094975133788481,
        0.9050556719746328
      ],
      [
        0.9389409103266907,
        0.9279276622068103,
        0.9094975133788481,
        0.9094975133788481,
        0.9279276622068114,
        0.9389409103266899
      ],
      [
        0.9745529443093436,
        0.9389409103266891,
        0.9050556719746329,
        0.9050556719746328,
        0.93894091032669,
        0.9745529443093429
      ]
    ],
    [
      [
        0.8740354465441323,
        0.8650206055768441,
        0.8587356715701857,
        0.858735671570186,
        0.8650206055768435,
        0.8740354465441322
      ],
      [
        0.8650206055768441,
        0.8594197054284782,
        0.8550735303560455,
        0.8550735303560452,
        0.8594197054284771,
        0.8650206055768443
      ],
      [
        0.8587356715701857,
        0.8550735303560455,
        0.8518322444749155,
        0.8518322444749148,
        0.8550735303560442,
        0.8587356715701862
      ],
      [
        0.858735671570186,
        0.8550735303560452,
        0.8518322444749149,
        0.8518322444749142,
        0.8550735303560439,
        0.8587356715701863
      ],
      [
        0.8650206055768435,
        0.8594197054284771,
        0.855073530356044,
        0.8550735303560438,
        0.859419705428476,
        0.8650206055768437
      ],
      [
        0.8740354465441322,
        0.8650206055768443,
        0.8587356715701862,
        0.8587356715701864,
        0.8650206055768437,
        0.874035446544132
      ]
    ],
    [
      [
        0.8518679787057888,
        0.8504147653883417,
        0.8491617016456312,
        0.8491617016456305,
        0.8504147653883408,
        0.8518679787057902
      ],
      [
        0.8504147653883417,
        0.8494859464752569,
        0.8485265603311547,
        0.8485265603311538,
        0.8494859464752559,
        0.8504147653883432
      ],
      [
        0.8491617016456312,
        0.8485265603311547,
        0.8477321976124439,
        0.847732197612443,
        0.8485265603311536,
        0.8491617016456328
      ],
      [
        0.8491617016456305,
        0.8485265603311539,
        0.847732197612443,
        0.8477321976124421,
        0.8485265603311529,
        0.8491617016456322
      ],
      [
        0.8504147653883408,
        0.8494859464752559,
        0.8485265603311536,
        0.8485265603311528,
        0.8494859464752551,
        0.8504147653883424
      ],
      [
        0.8518679787057901,
        0.8504147653883433,
        0.8491617016456329,
        0.8491617016456323,
        0.8504147653883424,
        0.8518679787057916
      ]
    ],
    [
      [
        0.8483376827447684,
        0.847863589181918,
        0.8476235903481338,
        0.8476235903481342,
        0.8478635891819181,
        0.8483376827447691
      ],
      [
        0.8478635891819181,
        0.8474785503435736,
        0.8472879344099241,
        0.8472879344099244,
        0.8474785503435737,
        0.8478635891819187
      ],
      [
        0.8476235903481337,
        0.8472879344099241,
        0.8471247039502172,
        0.8471247039502173,
        0.847287934409924,
        0.8476235903481345
      ],
      [
        0.8476235903481341,
        0.8472879344099243,
        0.8471247039502173,
        0.8471247039502177,
        0.8472879344099244,
        0.8476235903481351
      ],
      [
        0.8478635891819181,
        0.8474785503435737,
        0.8472879344099241,
        0.8472879344099243,
        0.8474785503435736,
        0.8478635891819187
      ],
      [
        0.8483376827447691,
        0.8478635891819186,
        0.8476235903481346,
        0.847623590348135,
        0.8478635891819187,
        0.8483376827447698
      ]
    ],
    [
      [
        0.8474691174797405,
        0.8473585803627469,
        0.8472928781056146,
        0.847292878105615,
        0.8473585803627468,
        0.8474691174797413
      ],
      [
        0.8473585803627469,
        0.8472632444010709,
        0.8472059797724601,
        0.8472059797724606,
        0.8472632444010709,
        0.8473585803627478
      ],
      [
        0.8472928781056146,
        0.8472059797724601,
        0.8471533986302143,
        0.8471533986302149,
        0.84720597977246,
        0.8472928781056153
      ],
      [
        0.847292878105615,
        0.8472059797724606,
        0.8471533986302149,
        0.8471533986302153,
        0.8472059797724605,
        0.8472928781056158
      ],
      [
        0.8473585803627468,
        0.8472632444010708,
        0.84720597977246,
        0.8472059797724605,
        0.8472632444010708,
        0.8473585803627477
      ],
      [
        0.8474691174797413,
        0.8473585803627478,
        0.8472928781056153,
        0.8472928781056158,
        0.8473585803627477,
        0.847469117479742
      ]
    ],
    [
      [
        0.8472613219740937,
        0.8472448689087855,
        0.8472324044136105,
        0.8472324044136108,
        0.8472448689087856,
        0.8472613219740943
      ],
      [
        0.8472448689087855,
        0.8472308234839879,
        0.8472196953152548,
        0.8472196953152551,
        0.847230823483988,
        0.8472448689087863
      ],
      [
        0.8472324044136105,
        0.8472196953152548,
        0.847209308887397,
        0.8472093088873973,
        0.8472196953152549,
        0.8472324044136111
      ],
      [
        0.8472324044136108,
        0.8472196953152551,
        0.8472093088873974,
        0.8472093088873978,
        0.8472196953152552,
        0.8472324044136116
      ],
      [
        0.8472448689087856,
        0.847230823483988,
        0.8472196953152549,
        0.8472196953152552,
        0.8472308234839881,
        0.8472448689087864
      ],
      [
        0.8472613219740943,
        0.8472448689087863,
        0.8472324044136111,
        0.8472324044136116,
        0.8472448689087864,
        0.8472613219740952
      ]
    ],
    [
      [
        0.8472360490370057,
        0.8472288786077553,
        0.8472247638726784,
        0.8472247638726788,
        0.8472288786077554,
        0.8472360490370063
      ],
      [
        0.8472288786077553,
        0.8472221223833465,
        0.8472182375176132,
        0.8472182375176134,
        0.8472221223833466,
        0.8472288786077561
      ],
      [
        0.8472247638726784,
        0.8472182375176132,
        0.8472144802214583,
        0.8472144802214586,
        0.8472182375176132,
        0.8472247638726791
      ],
      [
        0.8472247638726788,
        0.8472182375176134,
        0.8472144802214586,
        0.8472144802214587,
        0.8472182375176135,
        0.8472247638726794
      ],
      [
        0.8472288786077554,
        0.8472221223833466,
        0.8472182375176132,
        0.8472182375176135,
        0.8472221223833467,
        0.8472288786077562
      ],
      [
        0.8472360490370063,
        0.8472288786077561,
        0.8472247638726791,
        0.8472247638726794,
        0.8472288786077562,
        0.8472360490370071
      ]
    ],
    [
      [
        0.847224338594671,
        0.8472237093610695,
        0.847222186356064,
        0.8472221863560645,
        0.8472237093610696,
        0.8472243385946716
      ],
      [
        0.8472237093610695,
        0.8472231513614935,
        0.8472216678908169,
        0.8472216678908173,
        0.8472231513614936,
        0.8472237093610702
      ],
      [
        0.847222186356064,
        0.8472216678908169,
        0.8472202063653531,
        0.8472202063653534,
        0.847221667890817,
        0.8472221863560646
      ],
      [
        0.8472221863560645,
        0.8472216678908173,
        0.8472202063653534,
        0.8472202063653538,
        0.8472216678908174,
        0.8472221863560649
      ],
      [
        0.8472237093610696,
        0.8472231513614936,
        0.847221667890817,
        0.8472216678908174,
        0.8472231513614937,
        0.8472237093610703
      ],
      [
        0.8472243385946716,
        0.8472237093610702,
        0.8472221863560646,
        0.8472221863560649,
        0.8472237093610703,
        0.847224338594672
      ]
    ],
    [
      [
        0.8472229020921316,
        0.8472226332793891,
        0.8472222187286802,
        0.8472222187286808,
        0.8472226332793891,
        0.847222902092132
      ],
      [
        0.8472226332793891,
        0.847222376722072,
        0.847221968972828,
        0.8472219689728283,
        0.847222376722072,
        0.8472226332793897
      ],
      [
        0.8472222187286802,
        0.847221968972828,
        0.8472215649984355,
        0.847221564998436,
        0.847221968972828,
        0.8472222187286809
      ],
      [
        0.8472222187286808,
        0.8472219689728283,
        0.847221564998436,
        0.8472215649984364,
        0.8472219689728283,
        0.8472222187286812
      ],
      [
        0.8472226332793891,
        0.847222376722072,
        0.847221968972828,
        0.8472219689728283,
        0.847222376722072,
        0.8472226332793897
      ],
      [
        0.847222902092132,
        0.8472226332793897,
        0.8472222187286809,
        0.8472222187286812,
        0.8472226332793897,
        0.8472229020921327
      ]
    ],
    [
      [
        0.8472223922386519,
        0.8472223250685865,
        0.8472222151245983,
        0.8472222151245986,
        0.8472223250685866,
        0.8472223922386526
      ],
      [
        0.8472223250685865,
        0.8472222598448732,
        0.8472221509810437,
        0.8472221509810439,
        0.8472222598448733,
        0.8472223250685873
      ],
      [
        0.8472222151245983,
        0.8472221509810437,
        0.84722204271668,
        0.8472220427166803,
        0.8472221509810438,
        0.847222215124599
      ],
      [
        0.8472222151245986,
        0.8472221509810439,
        0.8472220427166803,
        0.8472220427166808,
        0.847222150981044,
        0.8472222151245995
      ],
      [
        0.8472223250685866,
        0.8472222598448733,
        0.8472221509810438,
        0.847222150981044,
        0.8472222598448734,
        0.8472223250685873
      ],
      [
        0.8472223922386526,
        0.8472223250685873,
        0.847222215124599,
        0.8472222151245995,
        0.8472223250685873,
        0.8472223922386535
      ]
    ]
  ],
  "dC_dJ_sampled": [
    [
      [
        -2.275957200481571e-13,
        -8.881784197001252e-14,
        -2.9976021664879227e-13,
        -4.2743586448068527e-13,
        -4.6074255521944e-13,
        -2.9976021664879227e-13
      ],
      [
        -8.326672684688674e-14,
        2.7755575615628914e-14,
        -1.8318679906315083e-13,
        -2.886579864025407e-13,
        -3.0531133177191805e-13,
        -1.4988010832439613e-13
      ],
      [
        -2.9976021664879227e-13,
        -1.8318679906315083e-13,
        -3.6637359812630166e-13,
        -4.551914400963142e-13,
        -4.773959005888173e-13,
        -3.6637359812630166e-13
      ],
      [
        -4.2743586448068527e-13,
        -2.886579864025407e-13,
        -4.496403249731884e-13,
        -5.440092820663267e-13,
        -5.88418203051333e-13,
        -4.884981308350689e-13
      ],
      [
        -4.662936703425657e-13,
        -2.9976021664879227e-13,
        -4.718447854656915e-13,
        -5.88418203051333e-13,
        -6.272760089132134e-13,
        -5.329070518200751e-13
      ],
      [
        -2.9976021664879227e-13,
        -1.4988010832439613e-13,
        -3.608224830031759e-13,
        -4.940492459581947e-13,
        -5.384581669432009e-13,
        -3.885780586188048e-13
      ]
    ],
    [
      [
        -0.014307712786920668,
        -0.009998397304683548,
        -0.005387510998250411,
        0.009351602909135615,
        0.011598119567390874,
        -0.01282812261496069
      ],
      [
        -0.009998397304683548,
        -0.005904323209371398,
        -0.0038183866793273236,
        0.007399014223569145,
        0.007490263507797801,
        -0.015235236854876932
      ],
      [
        -0.005387510998250411,
        -0.0038183866793217724,
        -0.004500104040994213,
        0.004702628661718,
        0.004926208758354589,
        -0.014378622445510025
      ],
      [
        0.009351602909141166,
        0.007399014223574696,
        0.004702628661723551,
        0.013909124248256965,
        0.01615225855494673,
        0.00036722713614434355
      ],
      [
        0.011598119567396425,
        0.007490263507803352,
        0.004926208758343487,
        0.01615225855494673,
        0.020905158891049158,
        0.006377584853772822
      ],
      [
        -0.01282812261496069,
        -0.015235236854888035,
        -0.014378622445510025,
        0.00036722713614989466,
        0.006377584853778373,
        -0.01133489113357422
      ]
    ],
    [
      [
        -0.014083539628056974,
        -0.01469415736967683,
        -0.007615061128446454,
        0.003240138557497607,
        0.005516797104143656,
        -0.006015097825035065
      ],
      [
        -0.014694157369682381,
        -0.015474594646902595,
        -0.0095282145580744,
        0.00014849467471211852,
        0.0017490486180882225,
        -0.00933688097277674
      ],
      [
        -0.0076150611284575564,
        -0.0095282145580744,
        -0.004808006807938137,
        0.004199465615301046,
        0.00600912679232235,
        -0.003774759718522258
      ],
      [
        0.003240138557492056,
        0.00014849467471211852,
        0.004199465615312148,
        0.013206683470112779,
        0.015686320904517714,
        0.007081563692074022
      ],
      [
        0.005516797104143656,
        0.0017490486180993248,
        0.006009126792327901,
        0.015686320904523265,
        0.018976371133194725,
        0.010878847142159476
      ],
      [
        -0.006015097825035065,
        -0.00933688097277674,
        -0.0037747597185278092,
        0.007081563692074022,
        0.010878847142165027,
        0.0020588585581737817
      ]
    ],
    [
      [
        -0.0016721008515796498,
        -0.0030797708711227667,
        -0.000750568226637327,
        0.0005411252502252051,
        0.0006264291370239317,
        0.0007525118243645323
      ],
      [
        -0.0030797708711227667,
        -0.004585807093471228,
        -0.002485187706985359,
        -0.0013146851402578985,
        -0.0012474712083931916,
        -0.0010435262894570307
      ],
      [
        -0.0007505682266428781,
        -0.002485187706985359,
        -0.0006075439269337402,
        0.0004957215013978722,
        0.0006491487614168623,
        0.0010702700510123453
      ],
      [
        0.0005411252502252051,
        -0.0013146851402578985,
        0.0004957215013978722,
        0.0015989543794947547,
        0.0018195068562709693,
        0.002361773521797339
      ],
      [
        0.0006264291370239317,
        -0.0012474712083876405,
        0.0006491487614168623,
        0.0018195068562820715,
        0.0020904293953238895,
        0.002662190591112834
      ],
      [
        0.0007525118243700835,
        -0.0010435262894570307,
        0.0010702700510123453,
        0.002361773521797339,
        0.002662190591112834,
        0.0031766447165848533
      ]
    ],
    [
      [
        -0.0013751580656640172,
        -0.00014552798528466582,
        0.0001366576475092529,
        -0.0004005800366690959,
        -0.0007797041448098785,
        -0.0014060074014332624
      ],
      [
        -0.00014552798528466582,
        0.0010513555306568279,
        0.0013005080269856695,
        0.0007680179258451325,
        0.0004121567868442533,
        -0.00019607589628045652
      ],
      [
        0.0001366576475092529,
        0.0013005080269912206,
        0.0015230719841663465,
        0.0009932081875552168,
        0.0006584810119059092,
        7.51229414674981e-05
      ],
      [
        -0.0004005800366635448,
        0.0007680179258395814,
        0.0009932081875496657,
        0.00046333826207445306,
        0.0001259621952687251,
        -0.0004621514248737135
      ],
      [
        -0.0007797041448098785,
        0.0004121567868442533,
        0.0006584810119059092,
        0.0001259621952742762,
        -0.00022714722782701813,
        -0.0008303758413152895
      ],
      [
        -0.0014060074014332624,
        -0.00019607589628045652,
        7.51229414674981e-05,
        -0.0004621514248737135,
        -0.0008303758413152895,
        -0.0014369978468264932
      ]
    ],
    [
      [
        0.00022989356232572256,
        0.00014370308791256114,
        0.0002028445778679,
        9.978560079892951e-05,
        -7.539624414243384e-05,
        0.00010918252291713948
      ],
      [
        0.00014370308791256114,
        5.368436033492685e-05,
        0.00010868097652938502,
        5.464808217059414e-06,
        -0.00016616154567827834,
        2.1995871180013893e-05
      ],
      [
        0.0002028445778679,
        0.0001086809765238339,
        0.0001602592980209927,
        5.696258831289214e-05,
        -0.00011156602265915971,
        8.05928250025012e-05
      ],
      [
        9.978560079892951e-05,
        5.464808217059414e-06,
        5.696258831289214e-05,
        -4.63304951126009e-05,
        -0.00021477280042203617,
        -2.2457446868795472e-05
      ],
      [
        -7.539624414243384e-05,
        -0.00016616154567827834,
        -0.00011156602265915971,
        -0.00021477280042203617,
        -0.0003859854432963772,
        -0.0001970851437049781
      ],
      [
        0.00010918252291713948,
        2.1995871180013893e-05,
        8.05928250025012e-05,
        -2.2457446868795472e-05,
        -0.00019708514369942698,
        -1.1515333397937866e-05
      ]
    ],
    [
      [
        -5.437123267726385e-05,
        -4.528887825872019e-05,
        -2.2335735649914312e-05,
        1.2387260539536982e-05,
        1.9872188894431986e-06,
        -4.898339855952116e-05
      ],
      [
        -4.528887825872019e-05,
        -3.645601520108066e-05,
        -1.4585070912120912e-05,
        1.9419815061594292e-05,
        9.198361733409044e-06,
        -4.120973547405704e-05
      ],
      [
        -2.2335735655465427e-05,
        -1.4585070912120912e-05,
        6.164637345040802e-06,
        3.977373621566471e-05,
        3.017533926619187e-05,
        -1.897816751528225e-05
      ],
      [
        1.2387260539536982e-05,
        1.9419815061594292e-05,
        3.977373621566471e-05,
        7.338541952450761e-05,
        6.418557348952802e-05,
        1.5748641363222404e-05
      ],
      [
        1.9872188894431986e-06,
        9.198361733409044e-06,
        3.017533926619187e-05,
        6.418557348952802e-05,
        5.486381927100048e-05,
        6.074273661837992e-06
      ],
      [
        -4.898339855952116e-05,
        -4.120973547405704e-05,
        -1.897816751528225e-05,
        1.5748641363222404e-05,
        6.074273661837992e-06,
        -4.358990232655735e-05
      ]
    ],
    [
      [
        -4.8332486407565156e-05,
        -3.584697762515354e-05,
        -2.2326328213972957e-05,
        -2.0469669848033334e-06,
        -1.3852299418637415e-06,
        -3.368073170362251e-05
      ],
      [
        -3.584697762515354e-05,
        -2.338226229303686e-05,
        -1.0073790335241029e-05,
        1.0031464287019176e-05,
        1.0666656735658364e-05,
        -2.1547784384567947e-05
      ],
      [
        -2.2326328213972957e-05,
        -1.0073790335241029e-05,
        3.0053919186645572e-06,
        2.3013716504705073e-05,
        2.374569473828636e-05,
        -8.222696701309928e-06
      ],
      [
        -2.0469669848033334e-06,
        1.0031464287019176e-05,
        2.3013716504705073e-05,
        4.3021703477474915e-05,
        4.38504621003144e-05,
        1.2056541826011014e-05
      ],
      [
        -1.3852299418637415e-06,
        1.0666656735658364e-05,
        2.374569473828636e-05,
        4.38504621003144e-05,
        4.471520020365993e-05,
        1.2914370317584911e-05
      ],
      [
        -3.368073170362251e-05,
        -2.1547784384567947e-05,
        -8.222696701309928e-06,
        1.2056541826011014e-05,
        1.2914370317584911e-05,
        -1.9027980385777354e-05
      ]
    ],
    [
      [
        7.589049866307818e-06,
        -3.74433262173568e-08,
        1.6916282707946095e-06,
        2.180546476715506e-06,
        1.8798805900832605e-06,
        9.620188795578244e-06
      ],
      [
        -3.74433262173568e-08,
        -7.679555363848678e-06,
        -5.975748901265732e-06,
        -5.497819899336065e-06,
        -5.796444768613185e-06,
        1.9567636733164306e-06
      ],
      [
        1.6916282707946095e-06,
        -5.975748901265732e-06,
        -4.295240785268106e-06,
        -3.82347130067906e-06,
        -4.111764928538264e-06,
        3.665222231274967e-06
      ],
      [
        2.180546476715506e-06,
        -5.497819899336065e-06,
        -3.82347130067906e-06,
        -3.3517565056762066e-06,
        -3.6339754205805264e-06,
        4.154009886070398e-06
      ],
      [
        1.8798805900832605e-06,
        -5.796444768613185e-06,
        -4.111764928538264e-06,
        -3.6339754205805264e-06,
        -3.913661705823301e-06,
        3.873804732545949e-06
      ],
      [
        9.620188795578244e-06,
        1.9567636733164306e-06,
        3.665222231274967e-06,
        4.154009886070398e-06,
        3.873804732545949e-06,
        1.16511051861945e-05
      ]
    ],
    [
      [
        -3.105265905523069e-06,
        3.930440306554317e-07,
        -1.3853450053780136e-07,
        -1.3252041242139967e-06,
        -1.4461336128590574e-06,
        -3.6801305725031597e-06
      ],
      [
        3.930440306554317e-07,
        3.88784963112343e-06,
        3.3533839871591198e-06,
        2.1675536310272747e-06,
        2.048690661560215e-06,
        -1.8367476428693408e-07
      ],
      [
        -1.3853450053780136e-07,
        3.3533839871591198e-06,
        2.8167869425832492e-06,
        1.631417073655328e-06,
        1.5142200993079058e-06,
        -7.162981707775629e-07
      ],
      [
        -1.3252041242139967e-06,
        2.1675536310272747e-06,
        1.631417073655328e-06,
        4.4604365201372786e-07,
        3.2838110564092915e-07,
        -1.9029753661747861e-06
      ],
      [
        -1.4461336128590574e-06,
        2.048690661560215e-06,
        1.5142200993079058e-06,
        3.2838110564092915e-07,
        2.0950822743337483e-07,
        -2.022875394969148e-06
      ],
      [
        -3.6801305725031597e-06,
        -1.8367476428693408e-07,
        -7.162981707775629e-07,
        -1.9029753661747861e-06,
        -2.022875394969148e-06,
        -4.255019886434397e-06
      ]
    ]
  ],
  "max_per_dist_time_series": [
    [
      6.272760089132134e-13,
      5.88418203051333e-13,
      4.940492459581947e-13,
      4.2743586448068527e-13,
      4.662936703425657e-13,
      2.9976021664879227e-13
    ],
    [
      0.008892960449335963,
      0.004123275094497503,
      0.009261632916424123,
      0.006424583439945675,
      0.0001571142581036078,
      0.004447353933506593
    ],
    [
      0.03262694271255473,
      0.014631565834921645,
      0.02888835576689286,
      0.021690188615675066,
      0.002364883146499519,
      0.0163589351443727
    ],
    [
      0.06044513213539493,
      0.025220383764079646,
      0.04584656051222491,
      0.03742697809051565,
      0.007662161336297046,
      0.0305830735919721
    ],
    [
      0.08067891457814724,
      0.03296837659924612,
      0.051315006079816206,
      0.045374791034757944,
      0.02137868855694447,
      0.04150683108823383
    ],
    [
      0.08827459338721644,
      0.05265201484616622,
      0.05593163458794126,
      0.058504899503597496,
      0.03792194193252274,
      0.04600387820591356
    ],
    [
      0.08544066851955967,
      0.06650137135609246,
      0.06765783383000379,
      0.06890182705066028,
      0.05113738842734694,
      0.04330855824799529
    ],
    [
      0.07753356562686942,
      0.07251853424453669,
      0.06673186247009855,
      0.06918079474757532,
      0.05761938856062021,
      0.034021768368019956
    ],
    [
      0.08018934293765878,
      0.07334718141174257,
      0.05566123608873874,
      0.06018527523189432,
      0.05799761778736423,
      0.02036020264939431
    ],
    [
      0.08194437350258488,
      0.07246673603292786,
      0.041016945541638705,
      0.046739797681777384,
      0.055199714925224797,
      0.006794466475529282
    ],
    [
      0.08057337028495315,
      0.07182749051993231,
      0.029271983872936058,
      0.03501538692406991,
      0.05251181941400285,
      0.001103174383387806
    ],
    [
      0.0808577806699129,
      0.07423440866822784,
      0.024222484754216067,
      0.02977936893108768,
      0.054653253237274546,
      0.00011683156564412656
    ],
    [
      0.09331981427138092,
      0.07622803204713202,
      0.03232395591500348,
      0.03843301449668601,
      0.05899990386642462,
      0.009137546808374308
    ],
    [
      0.10170036054702458,
      0.07717114704143269,
      0.03540540131910519,
      0.04279175396353918,
      0.06377953535353642,
      0.020653854123775517
    ],
    [
      0.0994622868827344,
      0.0794744213500842,
      0.039345323009232214,
      0.04773132906530364,
      0.06917913655627994,
      0.029035260435028576
    ],
    [
      0.08644185701704998,
      0.07814925794404903,
      0.043801883256866514,
      0.05194357441510866,
      0.06887684867412092,
      0.03146188389289706
    ],
    [
      0.07969242978014823,
      0.07176351945967774,
      0.04395333165450044,
      0.050592558591944226,
      0.061998917801420195,
      0.02828255335578511
    ],
    [
      0.07186471447769294,
      0.06153530453923417,
      0.040397294656657756,
      0.045371054236093,
      0.05167714683273483,
      0.021545982910015082
    ],
    [
      0.06260880269823299,
      0.050123384982336816,
      0.03483673149460853,
      0.03925678736114713,
      0.042159968459654085,
      0.013797827241568417
    ],
    [
      0.05274897177013904,
      0.03933669911106996,
      0.028281237234167866,
      0.03365495528623308,
      0.03526343963879963,
      0.007703841007855594
    ],
    [
      0.040431555341197134,
      0.02922495628762678,
      0.020380190612012683,
      0.02749641614063214,
      0.029598253390872298,
      0.005514196640971081
    ],
    [
      0.024364255564401915,
      0.022043111008140936,
      0.010678225447807721,
      0.019200408252373347,
      0.0229854090050996,
      0.007842920242950857
    ],
    [
      0.020905158891049158,
      0.01615225855494673,
      0.007399014223574696,
      0.014378622445510025,
      0.015235236854888035,
      0.01282812261496069
    ],
    [
      0.017120361641737025,
      0.009675060495573096,
      0.009269691994984175,
      0.01216336690079145,
      0.008403169269316502,
      0.017038123131762895
    ],
    [
      0.019069508602759244,
      0.013019660471907946,
      0.010793201852332679,
      0.010883625251573159,
      0.004601478512517021,
      0.017781240641912
    ],
    [
      0.018661650310702882,
      0.015187833662200223,
      0.008752053321997577,
      0.005309900337457929,
      0.0042704632851331414,
      0.01485096663735308
    ],
    [
      0.01713148049284352,
      0.013935533547526635,
      0.012408192694618458,
      0.005570091647788544,
      0.005451566667485919,
      0.010264821228106458
    ],
    [
      0.01630195812003521,
      0.014641263705306162,
      0.015031222785422127,
      0.010249811400148134,
      0.005584170722028325,
      0.006545629838994316
    ],
    [
      0.018220699662674367,
      0.014389590217100956,
      0.01570034240463425,
      0.011384406769460176,
      0.006496302894065664,
      0.00521973124650299
    ],
    [
      0.018684478602504218,
      0.01376739599525112,
      0.015006697590908002,
      0.009783959440012868,
      0.008660068826937817,
      0.006474777056392211
    ],
    [
      0.02165816152452371,
      0.01575461700888403,
      0.01291229998862109,
      0.010575444801613765,
      0.010677299202427326,
      0.009547617895955263
    ],
    [
      0.02218053783816787,
      0.016640254907679397,
      0.008971755552245053,
      0.008973286751207121,
      0.010581431241646344,
      0.01305179938188017
    ],
    [
      0.01996322411176865,
      0.014057965749131318,
      0.009627939249040596,
      0.004921270581381698,
      0.007657601230542932,
      0.015207539341871579
    ],
    [
      0.019900162838365487,
      0.008110525921545264,
      0.009089750930674212,
      0.007070141004883457,
      0.003326622856508754,
      0.014471840655039259
    ],
    [
      0.016531329446539678,
      0.009665654592455608,
      0.006600063193445971,
      0.006503269699165148,
      0.004741798701518585,
      0.010541744179376478
    ],
    [
      0.01482810696522563,
      0.010896301731455615,
      0.007624435159619969,
      0.004095795755426623,
      0.005590067982402802,
      0.004888182152806841
    ],
    [
      0.014855724375950619,
      0.012429670748853594,
      0.00814567503578112,
      0.0032664199797360904,
      0.0058469413597550535,
      9.671008466272113e-05
    ],
    [
      0.018942622690598654,
      0.014401211032399885,
      0.010234916012102913,
      0.004021594486913749,
      0.006146947037521944,
      0.0016488277209347757
    ],
    [
      0.020793392653734033,
      0.016627356352233447,
      0.01107016890555812,
      0.004048221036984101,
      0.0073623866318983655,
      0.00021399143362299533
    ],
    [
      0.021417871246021125,
      0.01906491241330799,
      0.011436956922966646,
      0.004371812885289872,
      0.009769145935140111,
      0.004539133989389654
    ],
    [
      0.021500129658796885,
      0.021123119414639957,
      0.011702688672493577,
      0.005211350118167202,
      0.012580189029959277,
      0.009314670487226007
    ],
    [
      0.023389606793822182,
      0.02262869393745426,
      0.011554205285185803,
      0.00587461774741449,
      0.014400354905452772,
      0.012620525427836649
    ],
    [
      0.023247899600220556,
      0.02300424572410642,
      0.010571724252061987,
      0.005615821510740471,
      0.014250207259375314,
      0.01319903230439512
    ],
    [
      0.022029741160350946,
      0.02037262466585421,
      0.009116155862842756,
      0.004719889089438434,
      0.012235409773891925,
      0.010733521786504552
    ],
    [
      0.018976371133194725,
      0.015686320904523265,
      0.0076150611284575564,
      0.0037747597185278092,
      0.00933688097277674,
      0.006015097825035065
    ],
    [
      0.014871713452691004,
      0.01112586134287552,
      0.005744148295144802,
      0.002681338643245601,
      0.006657756087491418,
      0.0008254611370772658
    ],
    [
      0.013408099382650196,
      0.009775648971993567,
      0.004865117386526618,
      0.0028923645056244673,
      0.006390632343944436,
      0.0027301977963245516
    ],
    [
      0.011055640002244349,
      0.008685928224849704,
      0.004046438114263529,
      0.003338812719561046,
      0.006015693929528609,
      0.0032567828743612637
    ],
    [
      0.0074842787451068205,
      0.006179039524134566,
      0.0029603587887616634,
      0.0034036780919288745,
      0.004758352610473304,
      0.000803810036920094
    ],
    [
      0.006153183945156737,
      0.005888136985321424,
      0.0018852759153087373,
      0.0031005063483968698,
      0.004180375931006619,
      0.003244728166801325
    ],
    [
      0.007376199632164182,
      0.005747349708362659,
      0.0038642288965218263,
      0.0023729063650945736,
      0.004439188607252564,
      0.007004370474000821
    ],
    [
      0.009526244391472316,
      0.007037150660471614,
      0.004825892954107847,
      0.0018874935349855182,
      0.0042500742755136045,
      0.009006269687317214
    ],
    [
      0.009268246221744159,
      0.007452950311437334,
      0.0045824999033494684,
      0.0011487682081534611,
      0.003709295666259882,
      0.008669531703192623
    ],
    [
      0.008558078426368354,
      0.00607229990548519,
      0.003512097014557458,
      0.0012400314830463,
      0.003614240616744979,
      0.006300130497188805
    ],
    [
      0.005989521822380439,
      0.004480346259971846,
      0.002991456482914767,
      0.0013609880254061846,
      0.0026181994648988294,
      0.002865829495352079
    ],
    [
      0.005184808299929511,
      0.0032171754146381737,
      0.002955318253172745,
      0.0015035041156241657,
      0.0014464834728944442,
      0.00032288716502182346
    ],
    [
      0.005248643081268156,
      0.003718312318107264,
      0.0026703814951012372,
      0.0015358893420303055,
      0.001267942806471023,
      0.00206390551701352
    ],
    [
      0.004281290529639659,
      0.003721000503870142,
      0.002114193453239821,
      0.0006693432934246069,
      0.0016926281018070366,
      0.001783359007123675
    ],
    [
      0.004266222625715077,
      0.0030249197757237223,
      0.002176317074231715,
      0.0012581218216567436,
      0.0016505311411729728,
      0.0001664752647068113
    ],
    [
      0.00503453321769598,
      0.0040595672975984876,
      0.0025496919618783753,
      0.0021728041074198234,
      0.0015054598840658073,
      0.0027003762333832615
    ],
    [
      0.00489928831114983,
      0.004268693293868475,
      0.002331553239715012,
      0.0025694155391942086,
      0.001943033612039624,
      0.004604340874803103
    ],
    [
      0.005618546150476522,
      0.0033902297452093055,
      0.002624316165172891,
      0.0019288834426978152,
      0.001962154982843023,
      0.005141433026040199
    ],
    [
      0.004895043604929983,
      0.003572965082709878,
      0.002234266040079813,
      0.0007006360701167225,
      0.0019416303775221522,
      0.004289199945672895
    ],
    [
      0.00423121868562415,
      0.0030886244493988357,
      0.0015456752135600826,
      0.0010167011549933047,
      0.002143253317593574,
      0.002576759519068439
    ],
    [
      0.0038368276578437666,
      0.002929563997389195,
      0.0022452665835615004,
      0.001348960257818721,
      0.0018270983799750784,
      0.0007548123742484592
    ],
    [
      0.0045860105261641415,
      0.002971503609067172,
      0.002480186306386134,
      0.0016126315358966359,
      0.001341859226050568,
      0.0004924051696331144
    ],
    [
      0.004585807093471228,
      0.0030797708711227667,
      0.002361773521797339,
      0.0012474712083931916,
      0.0010435262894570307,
      0.0007525118243700835
    ],
    [
      0.004042716059132756,
      0.0032658845889321775,
      0.002017793530462164,
      0.0004468409721458677,
      0.0010973477545694887,
      2.666552906260833e-05
    ],
    [
      0.005003417926396914,
      0.0035942835667768236,
      0.002385250794928462,
      0.0008594310624221446,
      0.0014404022067260325,
      0.0012508860042892422
    ],
    [
      0.00621734515151573,
      0.004599747071254434,
      0.0030251137538295225,
      0.0017510809078469247,
      0.0018654287309793904,
      0.002401480786090593
    ],
    [
      0.006450120214590571,
      0.004981186740282695,
      0.003122804352534425,
      0.001918887491125787,
      0.0021418953526197715,
      0.002851562717220979
    ],
    [
      0.0055938469356309195,
      0.004558790636455257,
      0.0026504750030131863,
      0.0013675277110158923,
      0.00212665910793719,
      0.0024314934760516493
    ],
    [
      0.004094775832197417,
      0.0035718547797825018,
      0.0018572016940499037,
      0.0005817222599180383,
      0.0018354593769864813,
      0.0014218149359923604
    ],
    [
      0.003670846540526629,
      0.002798882650023593,
      0.0018272961446463842,
      0.0006107703578894785,
      0.0014333988694215094,
      0.00034119686763700585
    ],
    [
      0.003571859291440216,
      0.0022659924700907386,
      0.0018035556998141633,
      0.0009987108375908438,
      0.0011265060431919771,
      0.0003447479154539135
    ],
    [
      0.003086513671418656,
      0.0017891838510697422,
      0.00155839492379517,
      0.0009999413709327332,
      0.0010167457308474237,
      0.00041044865395356567
    ],
    [
      0.0022431148081591967,
      0.0014126555467786073,
      0.001112581775625232,
      0.0008118110894683728,
      0.0010357929151216805,
      9.466671236357804e-05
    ],
    [
      0.0016485671702093363,
      0.0013630166729505788,
      0.0006057736264553082,
      0.0004998775288256319,
      0.0010175331100148455,
      0.0009053064353503615
    ],
    [
      0.0016448660598189502,
      0.0012415508033603029,
      0.0008796476674455267,
      0.0006139160343865413,
      0.0008444202929058786,
      0.0016429793928185443
    ],
    [
      0.0020432703372930128,
      0.0010788797723870758,
      0.0009846111105382693,
      0.001019947294184087,
      0.0005360493270989419,
      0.001957110332323486
    ],
    [
      0.001858512092278719,
      0.0013266694448565985,
      0.0008856041487759203,
      0.001006946129816777,
      0.000451471185047847,
      0.001683432631927051
    ],
    [
      0.0013732280666867158,
      0.001147803649387269,
      0.0007826242682917872,
      0.0005959351869921914,
      0.0003616117548399522,
      0.0009386861005211689
    ],
    [
      0.000916199786787919,
      0.0007411256044809189,
      0.0005485304938546154,
      2.969776199956975e-05,
      0.00018514508162703613,
      6.926368846249531e-05
    ],
    [
      0.001314224871495906,
      0.0009306096899475147,
      0.0007574284040356982,
      0.0003933206976836079,
      0.00019851061096587408,
      0.0005336069799688481
    ],
    [
      0.0014653335757341956,
      0.000978767233900113,
      0.0008189742821851365,
      0.0005130129832164876,
      0.00021039305057035662,
      0.0006346726823536208
    ],
    [
      0.0013531722763082676,
      0.0008435961391439761,
      0.0007387649745727032,
      0.0003630812849597653,
      0.00027031172720182184,
      0.00024728395690010174
    ],
    [
      0.001085691166685665,
      0.0010082426309232506,
      0.0005715732907973781,
      0.00022092046066957138,
      0.0005545759710068321,
      0.00041291441624236036
    ],
    [
      0.0014788819215294513,
      0.0012943636240769774,
      0.0006517175804188202,
      0.0002910977948800131,
      0.0007645731828209712,
      0.0010498166479355753
    ],
    [
      0.0015230719841663465,
      0.0013005080269912206,
      0.0007680179258451325,
      0.0004121567868442533,
      0.0007797041448098785,
      0.0014060074014332624
    ],
    [
      0.0013684293968474481,
      0.0009944232361669414,
